----------Computing----------
Iter = 0
Size = 18420
Delta = 0.000000
ObjValue = 45962.064663

Iter = 1
Size = 18420
Delta = 0.065848
ObjValue = 83726.992681

Iter = 2
Size = 18420
Delta = 0.052790
ObjValue = 83726.992681

B_AB = {{1.212975 0.000000 }{0.000000 1.164523 }}
B_AC = {{1.401786 0.000000 }{0.000000 1.214151 }}
B_BA = {{1.212975 0.000000 }{0.000000 1.164523 }}
B_BC = {{1.402688 0.000000 }{0.000000 1.274710 }}
B_CA = {{1.401786 0.000000 }{0.000000 1.214151 }}
B_CB = {{1.402705 0.000000 }{0.000000 1.274718 }}
0.093331sec per iteration
Old accuracy = 21528/24984

---------Increasing----------
4605
Iter = 0
Size = 4605
Delta = 0.000000
ObjValue = 10288.339858

Iter = 1
Size = 4605
Delta = 0.191227
ObjValue = 23157.108250

Iter = 2
Size = 4605
Delta = 0.025775
ObjValue = 23157.108250

B_AB = {{1.316462 0.000000 }{0.000000 1.235286 }}
B_AC = {{1.432047 0.000000 }{0.000000 1.213549 }}
B_BA = {{1.222817 0.000000 }{0.000000 1.391922 }}
B_BC = {{1.614758 0.000000 }{0.000000 1.510595 }}
B_CA = {{1.522125 0.000000 }{0.000000 1.443426 }}
B_CB = {{1.572024 0.000000 }{0.000000 1.431853 }}
0.053315sec per iteration
Global accuracy = 27298/31554
Incremental accuracy = 5770/6570

Processed in 2.221030sec (1.703867sec for IO)
Done.
