----------Computing----------
Iter = 0
Size = 23025
Delta = 0.000000
ObjValue = 14582.788919

Iter = 1
Size = 23025
Delta = 0.963952
ObjValue = 45003.879680

Iter = 2
Size = 23025
Delta = 0.057547
ObjValue = 45003.879680

B_AB = {{1.310810 0.000000 }{0.000000 1.343062 }}
B_AC = {{1.380863 0.000000 }{0.000000 1.340761 }}
B_BA = {{1.310810 0.000000 }{0.000000 1.343062 }}
B_BC = {{1.404574 0.000000 }{0.000000 1.400300 }}
B_CA = {{1.380863 0.000000 }{0.000000 1.340761 }}
B_CB = {{1.404574 0.000000 }{0.000000 1.400301 }}
0.176781sec per iteration
Old accuracy = 26988/31554

Processed in 2.086927sec (1.729455sec for IO)
Done.
