----------Computing----------
Iter = 0
Size = 4605
Delta = 0.000000
ObjValue = 705.510432

Iter = 1
Size = 4605
Delta = 0.054336
ObjValue = 1395.402644

Iter = 2
Size = 4605
Delta = 0.049933
ObjValue = 1395.402644

B_AB = {{1.309012 0.000000 }{0.000000 1.089405 }}
B_AC = {{1.233335 0.000000 }{0.000000 1.231096 }}
B_BA = {{1.309012 0.000000 }{0.000000 1.089405 }}
B_BC = {{1.329442 0.000000 }{0.000000 1.247701 }}
B_CA = {{1.233335 0.000000 }{0.000000 1.231096 }}
B_CB = {{1.329442 0.000000 }{0.000000 1.247701 }}
0.007546sec per iteration
Old accuracy = 5286/6282

---------Increasing----------
18420
Iter = 0
Size = 18420
Delta = 0.000000
ObjValue = 23864.707173

Iter = 1
Size = 18420
Delta = 0.768078
ObjValue = 64891.007791

Iter = 2
Size = 18420
Delta = 0.058466
ObjValue = 64891.007791

B_AB = {{1.397071 0.000000 }{0.000000 1.322341 }}
B_AC = {{1.438880 0.000000 }{0.000000 1.351240 }}
B_BA = {{1.358628 0.000000 }{0.000000 1.315125 }}
B_BC = {{1.528719 0.000000 }{0.000000 1.472485 }}
B_CA = {{1.456616 0.000000 }{0.000000 1.407560 }}
B_CB = {{1.525391 0.000000 }{0.000000 1.439430 }}
0.126351sec per iteration
Global accuracy = 27360/31554
Incremental accuracy = 22074/25272

Processed in 2.018569sec (1.616727sec for IO)
Done.
