----------Computing----------
Iter = 0
Size = 23025
Delta = 0.000000
ObjValue = 14582.788919

Iter = 1
Size = 23025
Delta = 0.987365
ObjValue = 109950.551749

Iter = 2
Size = 23025
Delta = 0.246462
ObjValue = 109950.551749

B_AB = {{1.000000 0.189686 }{0.289242 0.885636 }}
B_AC = {{0.945249 0.602180 }{0.301351 1.000000 }}
B_BA = {{1.000000 0.289242 }{0.189686 0.885636 }}
B_BC = {{1.000000 0.791272 }{0.257048 0.993861 }}
B_CA = {{0.945249 0.301351 }{0.602180 1.000000 }}
B_CB = {{1.000000 0.257058 }{0.791265 0.993856 }}
0.214480sec per iteration
Old accuracy = 24230/31554

Processed in 2.132200sec (1.699348sec for IO)
Done.
