----------Computing----------
Iter = 0
Size = 16110
Delta = 0.000000
ObjValue = 5174.198647

Iter = 1
Size = 16110
Delta = 0.086313
ObjValue = 3869.487949

Iter = 2
Size = 16110
Delta = 0.091176
ObjValue = 4227.302455

Iter = 3
Size = 16110
Delta = 0.089721
ObjValue = 4227.302455

B_AB = {{2.130671 0.000000 0.000000 }{0.000000 1.206371 0.000000 }{0.000000 0.000000 2.147407 }}
B_AC = {{1.953840 0.000000 0.000000 }{0.000000 1.192793 0.000000 }{0.000000 0.000000 1.946965 }}
B_BA = {{2.130671 0.000000 0.000000 }{0.000000 1.206371 0.000000 }{0.000000 0.000000 2.147407 }}
B_BC = {{2.013157 0.000000 0.000000 }{0.000000 1.207842 0.000000 }{0.000000 0.000000 2.011165 }}
B_CA = {{1.953840 0.000000 0.000000 }{0.000000 1.192793 0.000000 }{0.000000 0.000000 1.946965 }}
B_CB = {{2.013157 0.000000 0.000000 }{0.000000 1.207842 0.000000 }{0.000000 0.000000 2.011165 }}
0.049474sec per iteration
Old accuracy = 7353/10977

---------Recomputing---------
Iter = 0
Size = 16110
Delta = 0.000000
ObjValue = 74400.688152

Iter = 1
Size = 16110
Delta = 0.051603
ObjValue = 74518.077720

Iter = 2
Size = 16110
Delta = 0.042444
ObjValue = 74518.077720

B_AB = {{2.667012 0.000000 0.000000 }{0.000000 1.184925 0.000000 }{0.000000 0.000000 2.622084 }}
B_AC = {{2.713281 0.000000 0.000000 }{0.000000 1.151970 0.000000 }{0.000000 0.000000 2.649644 }}
B_BA = {{2.667012 0.000000 0.000000 }{0.000000 1.184925 0.000000 }{0.000000 0.000000 2.622084 }}
B_BC = {{2.777931 0.000000 0.000000 }{0.000000 1.155638 0.000000 }{0.000000 0.000000 2.497638 }}
B_CA = {{2.699636 0.000000 0.000000 }{0.000000 1.198381 0.000000 }{0.000000 0.000000 2.689135 }}
B_CB = {{2.740100 0.000000 0.000000 }{0.000000 1.201972 0.000000 }{0.000000 0.000000 2.727490 }}
0.085641sec per iteration
Global accuracy = 13998/21654
Incremental accuracy = 7118/10677

Processed in 2.360696sec (1.554779sec for IO)
Done.
