----------Computing----------
Iter = 0
Size = 16110
Delta = 0.000000
ObjValue = 1923.156337

Iter = 1
Size = 16110
Delta = 0.065117
ObjValue = 1583.201849

Iter = 2
Size = 16110
Delta = 0.064443
ObjValue = 2249.551299

Iter = 3
Size = 16110
Delta = 0.078948
ObjValue = 2249.551299

B_AB = {{1.921742 0.000000 0.000000 }{0.000000 1.127047 0.000000 }{0.000000 0.000000 1.920846 }}
B_AC = {{1.679594 0.000000 0.000000 }{0.000000 1.110480 0.000000 }{0.000000 0.000000 1.665979 }}
B_BA = {{1.921742 0.000000 0.000000 }{0.000000 1.127047 0.000000 }{0.000000 0.000000 1.920846 }}
B_BC = {{1.746879 0.000000 0.000000 }{0.000000 1.118400 0.000000 }{0.000000 0.000000 1.736126 }}
B_CA = {{1.679594 0.000000 0.000000 }{0.000000 1.110480 0.000000 }{0.000000 0.000000 1.665979 }}
B_CB = {{1.746879 0.000000 0.000000 }{0.000000 1.118400 0.000000 }{0.000000 0.000000 1.736126 }}
0.045617sec per iteration
Old accuracy = 7891/10977

---------Recomputing---------
Iter = 0
Size = 16110
Delta = 0.000000
ObjValue = 72970.442700

Iter = 1
Size = 16110
Delta = 0.056374
ObjValue = 73136.428465

Iter = 2
Size = 16110
Delta = 0.050007
ObjValue = 73136.428465

B_AB = {{2.629033 0.000000 0.000000 }{0.000000 1.117063 0.000000 }{0.000000 0.000000 2.576781 }}
B_AC = {{2.603637 0.000000 0.000000 }{0.000000 1.091605 0.000000 }{0.000000 0.000000 2.416505 }}
B_BA = {{2.629033 0.000000 0.000000 }{0.000000 1.117063 0.000000 }{0.000000 0.000000 2.576781 }}
B_BC = {{2.619378 0.000000 0.000000 }{0.000000 1.095774 0.000000 }{0.000000 0.000000 2.203314 }}
B_CA = {{2.586701 0.000000 0.000000 }{0.000000 1.117858 0.000000 }{0.000000 0.000000 2.539888 }}
B_CB = {{2.567210 0.000000 0.000000 }{0.000000 1.122749 0.000000 }{0.000000 0.000000 2.569586 }}
0.080698sec per iteration
Global accuracy = 14390/21654
Incremental accuracy = 7118/10677

Processed in 2.270990sec (1.492431sec for IO)
Done.
