----------Computing----------
Iter = 0
Size = 23025
Delta = 0.000000
ObjValue = 14582.788919

Iter = 1
Size = 23025
Delta = 0.963952
ObjValue = 45003.879680

Iter = 2
Size = 23025
Delta = 0.052526
ObjValue = 45003.879680

B_AB = {{1.000000 0.000000 }{0.000000 1.000000 }}
B_AC = {{1.000000 0.000000 }{0.000000 1.000000 }}
B_BA = {{1.000000 0.000000 }{0.000000 1.000000 }}
B_BC = {{1.000000 0.000000 }{0.000000 1.000000 }}
B_CA = {{1.000000 0.000000 }{0.000000 1.000000 }}
B_CB = {{1.000000 0.000000 }{0.000000 1.000000 }}
0.116681sec per iteration
Old accuracy = 26902/31554

Processed in 2.016969sec (1.779040sec for IO)
Done.
