----------Computing----------
Iter = 0
Size = 23025
Delta = 0.000000
ObjValue = 45003.879680

Iter = 1
Size = 23025
Delta = 0.188491
ObjValue = 57814.177289

Iter = 2
Size = 23025
Delta = 0.074305
ObjValue = 57814.177289

B_AB = {{1.000000 0.000000 }{0.000000 1.000000 }}
B_AC = {{1.000000 0.000000 }{0.000000 1.000000 }}
B_BA = {{1.000000 0.000000 }{0.000000 1.000000 }}
B_BC = {{1.000000 0.000000 }{0.000000 1.000000 }}
B_CA = {{1.000000 0.000000 }{0.000000 1.000000 }}
B_CB = {{1.000000 0.000000 }{0.000000 1.000000 }}
0.078254sec per iteration
Old accuracy = 24899/31554

Processed in 1.848723sec (1.686763sec for IO)
Done.
