----------Computing----------
Iter = 0
Size = 2303
Delta = 0.000000
ObjValue = 252.033554

Iter = 1
Size = 2303
Delta = 0.048806
ObjValue = 397.477013

Iter = 2
Size = 2303
Delta = 0.044928
ObjValue = 397.477013

B_AB = {{1.018096 0.000000 }{0.000000 1.110782 }}
B_AC = {{1.200048 0.000000 }{0.000000 1.353673 }}
B_BA = {{1.018096 0.000000 }{0.000000 1.110782 }}
B_BC = {{1.268060 0.000000 }{0.000000 1.142120 }}
B_CA = {{1.200048 0.000000 }{0.000000 1.353673 }}
B_CB = {{1.268060 0.000000 }{0.000000 1.142120 }}
0.007688sec per iteration
Old accuracy = 2712/3238

---------Increasing----------
20722
Iter = 0
Size = 20722
Delta = 0.000000
ObjValue = 20903.404280

Iter = 1
Size = 20722
Delta = 0.866363
ObjValue = 60713.694317

Iter = 2
Size = 20722
Delta = 0.059447
ObjValue = 60713.694317

B_AB = {{1.308659 0.000000 }{0.000000 1.355932 }}
B_AC = {{1.432879 0.000000 }{0.000000 1.420900 }}
B_BA = {{1.278258 0.000000 }{0.000000 1.369273 }}
B_BC = {{1.518394 0.000000 }{0.000000 1.434753 }}
B_CA = {{1.438314 0.000000 }{0.000000 1.448855 }}
B_CB = {{1.519091 0.000000 }{0.000000 1.417236 }}
0.133404sec per iteration
Global accuracy = 27230/31554
Incremental accuracy = 24518/28316

Processed in 2.020747sec (1.622754sec for IO)
Done.
