----------Computing----------
Iter = 0
Size = 16118
Delta = 0.000000
ObjValue = 22796.104808

Iter = 1
Size = 16118
Delta = 0.073024
ObjValue = 45561.062707

Iter = 2
Size = 16118
Delta = 0.068060
ObjValue = 45561.062707

B_AB = {{1.185603 0.000000 }{0.000000 1.235414 }}
B_AC = {{1.386988 0.000000 }{0.000000 1.233487 }}
B_BA = {{1.185603 0.000000 }{0.000000 1.235414 }}
B_BC = {{1.489000 0.000000 }{0.000000 1.359740 }}
B_CA = {{1.386988 0.000000 }{0.000000 1.233487 }}
B_CB = {{1.489000 0.000000 }{0.000000 1.359740 }}
0.057601sec per iteration
Old accuracy = 17818/21160

---------Increasing----------
6907
Iter = 0
Size = 6907
Delta = 0.000000
ObjValue = 18459.593117

Iter = 1
Size = 6907
Delta = 0.284300
ObjValue = 43360.732469

Iter = 2
Size = 6907
Delta = 0.031732
ObjValue = 43360.732469

B_AB = {{1.348550 0.000000 }{0.000000 1.375502 }}
B_AC = {{1.485809 0.000000 }{0.000000 1.304076 }}
B_BA = {{1.264017 0.000000 }{0.000000 1.350924 }}
B_BC = {{1.632586 0.000000 }{0.000000 1.539205 }}
B_CA = {{1.516188 0.000000 }{0.000000 1.417685 }}
B_CB = {{1.615811 0.000000 }{0.000000 1.467339 }}
0.077134sec per iteration
Global accuracy = 27270/31554
Incremental accuracy = 9452/10394

Processed in 2.112960sec (1.618938sec for IO)
Done.
