----------Computing----------
Iter = 0
Size = 43669
Delta = 0.000000
ObjValue = 178302.683876

Iter = 1
Size = 43669
Delta = 0.087226
ObjValue = 236425.586889

Iter = 2
Size = 43669
Delta = 0.077088
ObjValue = 236425.586889

B_AB = {{1.108848 0.000000 }{0.000000 1.189862 }}
B_AC = {{1.177544 0.000000 }{0.000000 1.395518 }}
B_BA = {{1.108848 0.000000 }{0.000000 1.189862 }}
B_BC = {{1.165798 0.000000 }{0.000000 1.434239 }}
B_CA = {{1.177544 0.000000 }{0.000000 1.395518 }}
B_CB = {{1.165796 0.000000 }{0.000000 1.434574 }}
0.272500sec per iteration
Old accuracy = 59352/73200

---------Recomputing---------
Iter = 0
Size = 43669
Delta = 0.000000
ObjValue = 320315.335546

Iter = 1
Size = 43669
Delta = 0.046156
ObjValue = 333147.048975

Iter = 2
Size = 43669
Delta = 0.037422
ObjValue = 333147.048975

B_AB = {{1.104300 0.000000 }{0.000000 1.176976 }}
B_AC = {{1.184196 0.000000 }{0.000000 1.388746 }}
B_BA = {{1.110221 0.000000 }{0.000000 1.175733 }}
B_BC = {{1.177518 0.000000 }{0.000000 1.408882 }}
B_CA = {{1.186020 0.000000 }{0.000000 1.367342 }}
B_CB = {{1.185278 0.000000 }{0.000000 1.426526 }}
0.448440sec per iteration
Global accuracy = 71501/104182
Incremental accuracy = 15491/30982

Processed in 8.258032sec (5.849435sec for IO)
Done.
