----------Computing----------
Iter = 0
Size = 20723
Delta = 0.000000
ObjValue = 50654.327573

Iter = 1
Size = 20723
Delta = 0.080395
ObjValue = 106114.179826

Iter = 2
Size = 20723
Delta = 0.076644
ObjValue = 106114.179826

B_AB = {{1.241990 0.000000 }{0.000000 1.287895 }}
B_AC = {{1.446824 0.000000 }{0.000000 1.308182 }}
B_BA = {{1.241990 0.000000 }{0.000000 1.287895 }}
B_BC = {{1.524128 0.000000 }{0.000000 1.402194 }}
B_CA = {{1.446824 0.000000 }{0.000000 1.308182 }}
B_CB = {{1.524131 0.000000 }{0.000000 1.402198 }}
0.134614sec per iteration
Old accuracy = 24096/28356

---------Increasing----------
2302
Iter = 0
Size = 2302
Delta = 0.000000
ObjValue = 4949.789428

Iter = 1
Size = 4177
Delta = 0.095852
ObjValue = 77244.364113

Iter = 2
Size = 8436
Delta = 0.015883
ObjValue = 77244.364113

B_AB = {{1.301038 0.000000 }{0.000000 1.325769 }}
B_AC = {{1.477455 0.000000 }{0.000000 1.314897 }}
B_BA = {{1.269872 0.000000 }{0.000000 1.282405 }}
B_BC = {{1.639141 0.000000 }{0.000000 1.570256 }}
B_CA = {{1.477798 0.000000 }{0.000000 1.334733 }}
B_CB = {{1.598532 0.000000 }{0.000000 1.381309 }}
0.061520sec per iteration
Global accuracy = 26992/31554
Incremental accuracy = 2898/3198

Processed in 2.220223sec (1.620896sec for IO)
Done.
