----------Computing----------
Iter = 0
Size = 6908
Delta = 0.000000
ObjValue = 1240.023628

Iter = 1
Size = 6908
Delta = 0.049133
ObjValue = 2739.289673

Iter = 2
Size = 6908
Delta = 0.042999
ObjValue = 2739.289673

B_AB = {{1.169444 0.000000 }{0.000000 1.201718 }}
B_AC = {{1.289187 0.000000 }{0.000000 1.362786 }}
B_BA = {{1.169444 0.000000 }{0.000000 1.201718 }}
B_BC = {{1.378190 0.000000 }{0.000000 1.290661 }}
B_CA = {{1.289187 0.000000 }{0.000000 1.362786 }}
B_CB = {{1.378190 0.000000 }{0.000000 1.290661 }}
0.008969sec per iteration
Old accuracy = 7516/8776

---------Increasing----------
16117
Iter = 0
Size = 16117
Delta = 0.000000
ObjValue = 26195.677132

Iter = 1
Size = 16117
Delta = 0.669750
ObjValue = 68801.568626

Iter = 2
Size = 16117
Delta = 0.055709
ObjValue = 68801.568626

B_AB = {{1.349206 0.000000 }{0.000000 1.385751 }}
B_AC = {{1.425331 0.000000 }{0.000000 1.346928 }}
B_BA = {{1.283462 0.000000 }{0.000000 1.362547 }}
B_BC = {{1.551298 0.000000 }{0.000000 1.492515 }}
B_CA = {{1.469518 0.000000 }{0.000000 1.443755 }}
B_CB = {{1.532351 0.000000 }{0.000000 1.461806 }}
0.134190sec per iteration
Global accuracy = 25120/31554
Incremental accuracy = 17604/22778

Processed in 2.050414sec (1.622211sec for IO)
Done.
