----------Computing----------
Iter = 0
Size = 43669
Delta = 0.000000
ObjValue = 178302.683876

Iter = 1
Size = 43669
Delta = 0.087226
ObjValue = 236425.586889

Iter = 2
Size = 43669
Delta = 0.077088
ObjValue = 236425.586889

B_AB = {{1.108848 0.000000 }{0.000000 1.189862 }}
B_AC = {{1.177544 0.000000 }{0.000000 1.395518 }}
B_BA = {{1.108848 0.000000 }{0.000000 1.189862 }}
B_BC = {{1.165798 0.000000 }{0.000000 1.434239 }}
B_CA = {{1.177544 0.000000 }{0.000000 1.395518 }}
B_CB = {{1.165796 0.000000 }{0.000000 1.434574 }}
0.226427sec per iteration
Old accuracy = 59352/73200

---------Increasing----------
18714
Iter = 0
Size = 18714
Delta = 0.000000
ObjValue = 55658.209714

Iter = 1
Size = 18714
Delta = 0.281599
ObjValue = 118283.599876

Iter = 2
Size = 18714
Delta = 0.027081
ObjValue = 118283.599876

B_AB = {{1.307689 0.000000 }{0.000000 1.388023 }}
B_AC = {{1.303950 0.000000 }{0.000000 1.492126 }}
B_BA = {{1.184905 0.000000 }{0.000000 1.392980 }}
B_BC = {{1.414550 0.000000 }{0.000000 1.638396 }}
B_CA = {{1.315258 0.000000 }{0.000000 1.561363 }}
B_CB = {{1.318250 0.000000 }{0.000000 1.626445 }}
0.242081sec per iteration
Global accuracy = 76954/104182
Incremental accuracy = 17602/30982

Processed in 7.120677sec (5.323709sec for IO)
Done.
