----------Computing----------
Iter = 0
Size = 18420
Delta = 0.000000
ObjValue = 45962.064663

Iter = 1
Size = 18420
Delta = 0.065848
ObjValue = 83726.992681

Iter = 2
Size = 18420
Delta = 0.052790
ObjValue = 83726.992681

B_AB = {{1.212975 0.000000 }{0.000000 1.164523 }}
B_AC = {{1.401786 0.000000 }{0.000000 1.214151 }}
B_BA = {{1.212975 0.000000 }{0.000000 1.164523 }}
B_BC = {{1.402688 0.000000 }{0.000000 1.274710 }}
B_CA = {{1.401786 0.000000 }{0.000000 1.214151 }}
B_CB = {{1.402705 0.000000 }{0.000000 1.274718 }}
0.093786sec per iteration
Old accuracy = 21528/24984

---------Recomputing---------
Iter = 0
Size = 18420
Delta = 0.000000
ObjValue = 118565.575826

Iter = 1
Size = 18420
Delta = 0.031952
ObjValue = 129370.356104

Iter = 2
Size = 18420
Delta = 0.024254
ObjValue = 129370.356104

B_AB = {{1.198914 0.000000 }{0.000000 1.151613 }}
B_AC = {{1.423922 0.000000 }{0.000000 1.236002 }}
B_BA = {{1.208757 0.000000 }{0.000000 1.141291 }}
B_BC = {{1.392739 0.000000 }{0.000000 1.272661 }}
B_CA = {{1.386170 0.000000 }{0.000000 1.195200 }}
B_CB = {{1.395740 0.000000 }{0.000000 1.277986 }}
0.123706sec per iteration
Global accuracy = 24845/31554
Incremental accuracy = 3285/6570

Processed in 2.348385sec (1.706359sec for IO)
Done.
