----------Computing----------
Iter = 0
Size = 23025
Delta = 0.000000
ObjValue = 14582.788919

Iter = 1
Size = 23025
Delta = 0.963952
ObjValue = 104149.632127

Iter = 2
Size = 23025
Delta = 0.485906
ObjValue = 104149.632127

B_AB = {{1.000000 0.000000 }{0.000000 1.000000 }}
B_AC = {{1.000000 0.000000 }{0.000000 1.000000 }}
B_BA = {{1.000000 0.000000 }{0.000000 1.000000 }}
B_BC = {{1.000000 0.000000 }{0.000000 1.000000 }}
B_CA = {{1.000000 0.000000 }{0.000000 1.000000 }}
B_CB = {{1.000000 0.000000 }{0.000000 1.000000 }}
0.076957sec per iteration
Old accuracy = 27086/31554

Processed in 1.936507sec (1.778400sec for IO)
Done.
