----------Computing----------
Iter = 0
Size = 23025
Delta = 0.000000
ObjValue = 74696.923961

Iter = 1
Size = 23025
Delta = 0.414256
ObjValue = 66492.748334

Iter = 2
Size = 23025
Delta = 0.151423
ObjValue = 105705.211696

Iter = 3
Size = 23025
Delta = 0.054596
ObjValue = 105705.211696

B_AB = {{1.000000 0.536852 }{0.605741 0.881791 }}
B_AC = {{1.000000 0.655300 }{0.572300 0.993482 }}
B_BA = {{1.000000 0.605741 }{0.536852 0.881791 }}
B_BC = {{1.000000 0.664881 }{0.574073 0.981722 }}
B_CA = {{1.000000 0.572300 }{0.655300 0.993482 }}
B_CB = {{1.000000 0.574070 }{0.664885 0.981719 }}
0.218638sec per iteration
Old accuracy = 17882/31554

Processed in 2.516525sec (1.701710sec for IO)
Done.
