----------Computing----------
Iter = 0
Size = 23025
Delta = 0.000000
ObjValue = 14582.788919

Iter = 1
Size = 23025
Delta = 0.993024
ObjValue = 53414.191967

Iter = 2
Size = 23025
Delta = 0.602829
ObjValue = 53414.191967

B_AB = {{1.000000 0.000000 }{0.000000 1.000000 }}
B_AC = {{1.000000 0.000000 }{0.000000 1.000000 }}
B_BA = {{1.000000 0.000000 }{0.000000 1.000000 }}
B_BC = {{1.000000 0.000000 }{0.000000 1.000000 }}
B_CA = {{1.000000 0.000000 }{0.000000 1.000000 }}
B_CB = {{1.000000 0.000000 }{0.000000 1.000000 }}
0.116455sec per iteration
Old accuracy = 22778/31554

Processed in 1.961135sec (1.723746sec for IO)
Done.
