----------Computing----------
Iter = 0
Size = 13815
Delta = 0.000000
ObjValue = 8920.677403

Iter = 1
Size = 13815
Delta = 0.061962
ObjValue = 18255.850853

Iter = 2
Size = 13815
Delta = 0.059508
ObjValue = 18255.850853

B_AB = {{1.143626 0.000000 }{0.000000 1.180382 }}
B_AC = {{1.286223 0.000000 }{0.000000 1.271517 }}
B_BA = {{1.143626 0.000000 }{0.000000 1.180382 }}
B_BC = {{1.475019 0.000000 }{0.000000 1.376356 }}
B_CA = {{1.286223 0.000000 }{0.000000 1.271517 }}
B_CB = {{1.475019 0.000000 }{0.000000 1.376356 }}
0.024581sec per iteration
Old accuracy = 14912/17282

---------Recomputing---------
Iter = 0
Size = 13815
Delta = 0.000000
ObjValue = 45153.242466

Iter = 1
Size = 13815
Delta = 0.030491
ObjValue = 47077.405873

Iter = 2
Size = 13815
Delta = 0.025518
ObjValue = 47077.405873

B_AB = {{1.119044 0.000000 }{0.000000 1.130077 }}
B_AC = {{1.277668 0.000000 }{0.000000 1.284758 }}
B_BA = {{1.150836 0.000000 }{0.000000 1.133973 }}
B_BC = {{1.438576 0.000000 }{0.000000 1.294998 }}
B_CA = {{1.246706 0.000000 }{0.000000 1.172743 }}
B_CB = {{1.461730 0.000000 }{0.000000 1.347649 }}
0.055641sec per iteration
Global accuracy = 22240/31554
Incremental accuracy = 7136/14272

Processed in 1.965474sec (1.620422sec for IO)
Done.
