----------Computing----------
Iter = 0
Size = 23025
Delta = 0.000000
ObjValue = 45003.879680

Iter = 1
Size = 23025
Delta = 0.697756
ObjValue = 78470.399563

Iter = 2
Size = 23025
Delta = 0.832051
ObjValue = 78470.399563

B_AB = {{1.000000 0.000000 }{0.000000 1.000000 }}
B_AC = {{1.000000 0.000000 }{0.000000 1.000000 }}
B_BA = {{1.000000 0.000000 }{0.000000 1.000000 }}
B_BC = {{1.000000 0.000000 }{0.000000 1.000000 }}
B_CA = {{1.000000 0.000000 }{0.000000 1.000000 }}
B_CB = {{1.000000 0.000000 }{0.000000 1.000000 }}
0.186793sec per iteration
Old accuracy = 9866/31554

Processed in 2.278943sec (1.898338sec for IO)
Done.
