----------Computing----------
Iter = 0
Size = 49907
Delta = 0.000000
ObjValue = 257151.926448

Iter = 1
Size = 49907
Delta = 0.081520
ObjValue = 346280.885330

Iter = 2
Size = 49907
Delta = 0.071977
ObjValue = 346280.885330

B_AB = {{1.120127 0.000000 }{0.000000 1.226426 }}
B_AC = {{1.186349 0.000000 }{0.000000 1.428069 }}
B_BA = {{1.120127 0.000000 }{0.000000 1.226426 }}
B_BC = {{1.171080 0.000000 }{0.000000 1.462746 }}
B_CA = {{1.186349 0.000000 }{0.000000 1.428069 }}
B_CB = {{1.171078 0.000000 }{0.000000 1.462972 }}
0.334553sec per iteration
Old accuracy = 71494/83416

---------Recomputing---------
Iter = 0
Size = 49907
Delta = 0.000000
ObjValue = 435686.100875

Iter = 1
Size = 49907
Delta = 0.048703
ObjValue = 460988.339546

Iter = 2
Size = 49907
Delta = 0.039769
ObjValue = 460988.339546

B_AB = {{1.118367 0.000000 }{0.000000 1.199207 }}
B_AC = {{1.204025 0.000000 }{0.000000 1.443962 }}
B_BA = {{1.124024 0.000000 }{0.000000 1.222076 }}
B_BC = {{1.186913 0.000000 }{0.000000 1.454962 }}
B_CA = {{1.205665 0.000000 }{0.000000 1.441184 }}
B_CB = {{1.190477 0.000000 }{0.000000 1.465149 }}
0.434161sec per iteration
Global accuracy = 78087/104182
Incremental accuracy = 10383/20766

Processed in 7.596601sec (5.314055sec for IO)
Done.
