----------Computing----------
Iter = 0
Size = 23025
Delta = 0.000000
ObjValue = 74696.923961

Iter = 1
Size = 23025
Delta = 0.071386
ObjValue = 141047.291434

Iter = 2
Size = 23025
Delta = 0.057354
ObjValue = 141047.291434

B_AB = {{1.202747 0.000000 }{0.000000 1.173298 }}
B_AC = {{1.400161 0.000000 }{0.000000 1.199347 }}
B_BA = {{1.202747 0.000000 }{0.000000 1.173298 }}
B_BC = {{1.432418 0.000000 }{0.000000 1.303637 }}
B_CA = {{1.400161 0.000000 }{0.000000 1.199347 }}
B_CB = {{1.432427 0.000000 }{0.000000 1.303642 }}
0.169307sec per iteration
Old accuracy = 27370/31554

Processed in 2.218954sec (1.721771sec for IO)
Done.
