----------Computing----------
Iter = 0
Size = 9211
Delta = 0.000000
ObjValue = 1110.043658

Iter = 1
Size = 9211
Delta = 0.054116
ObjValue = 2632.128807

Iter = 2
Size = 9211
Delta = 0.062636
ObjValue = 2632.128807

B_AB = {{1.214420 0.000000 }{0.000000 1.133648 }}
B_AC = {{1.297847 0.000000 }{0.000000 1.230777 }}
B_BA = {{1.214420 0.000000 }{0.000000 1.133648 }}
B_BC = {{1.416258 0.000000 }{0.000000 1.402319 }}
B_CA = {{1.297847 0.000000 }{0.000000 1.230777 }}
B_CB = {{1.416258 0.000000 }{0.000000 1.402319 }}
0.009476sec per iteration
Old accuracy = 7024/10828

---------Increasing----------
13814
Iter = 0
Size = 13814
Delta = 0.000000
ObjValue = 24960.890061

Iter = 1
Size = 13814
Delta = 0.569207
ObjValue = 71009.377486

Iter = 2
Size = 13814
Delta = 0.053181
ObjValue = 71009.377486

B_AB = {{1.361247 0.000000 }{0.000000 1.351959 }}
B_AC = {{1.392044 0.000000 }{0.000000 1.256512 }}
B_BA = {{1.275561 0.000000 }{0.000000 1.316527 }}
B_BC = {{1.541624 0.000000 }{0.000000 1.521894 }}
B_CA = {{1.477399 0.000000 }{0.000000 1.393707 }}
B_CB = {{1.543750 0.000000 }{0.000000 1.507973 }}
0.135259sec per iteration
Global accuracy = 23850/31554
Incremental accuracy = 16826/20726

Processed in 2.056533sec (1.618597sec for IO)
Done.
