----------Computing----------
Iter = 0
Size = 20723
Delta = 0.000000
ObjValue = 50654.327573

Iter = 1
Size = 20723
Delta = 0.080395
ObjValue = 106114.179826

Iter = 2
Size = 20723
Delta = 0.076644
ObjValue = 106114.179826

B_AB = {{1.241990 0.000000 }{0.000000 1.287895 }}
B_AC = {{1.446824 0.000000 }{0.000000 1.308182 }}
B_BA = {{1.241990 0.000000 }{0.000000 1.287895 }}
B_BC = {{1.524128 0.000000 }{0.000000 1.402194 }}
B_CA = {{1.446824 0.000000 }{0.000000 1.308182 }}
B_CB = {{1.524131 0.000000 }{0.000000 1.402198 }}
0.135540sec per iteration
Old accuracy = 24096/28356

---------Increasing----------
2302
Iter = 0
Size = 2302
Delta = 0.000000
ObjValue = 4949.789428

Iter = 1
Size = 2302
Delta = 0.095852
ObjValue = 11983.851527

Iter = 2
Size = 2302
Delta = 0.011444
ObjValue = 11983.851527

B_AB = {{1.403471 0.000000 }{0.000000 1.534985 }}
B_AC = {{1.424574 0.000000 }{0.000000 1.293342 }}
B_BA = {{1.269872 0.000000 }{0.000000 1.282405 }}
B_BC = {{1.639141 0.000000 }{0.000000 1.570256 }}
B_CA = {{1.629181 0.000000 }{0.000000 1.457891 }}
B_CB = {{1.725831 0.000000 }{0.000000 1.442029 }}
0.024722sec per iteration
Global accuracy = 27000/31554
Incremental accuracy = 2904/3198

Processed in 2.143316sec (1.614315sec for IO)
Done.
