----------Computing----------
Iter = 0
Size = 16118
Delta = 0.000000
ObjValue = 22796.104808

Iter = 1
Size = 16118
Delta = 0.073024
ObjValue = 45561.062707

Iter = 2
Size = 16118
Delta = 0.068060
ObjValue = 45561.062707

B_AB = {{1.185603 0.000000 }{0.000000 1.235414 }}
B_AC = {{1.386988 0.000000 }{0.000000 1.233487 }}
B_BA = {{1.185603 0.000000 }{0.000000 1.235414 }}
B_BC = {{1.489000 0.000000 }{0.000000 1.359740 }}
B_CA = {{1.386988 0.000000 }{0.000000 1.233487 }}
B_CB = {{1.489000 0.000000 }{0.000000 1.359740 }}
0.058631sec per iteration
Old accuracy = 17818/21160

---------Recomputing---------
Iter = 0
Size = 16118
Delta = 0.000000
ObjValue = 78461.958929

Iter = 1
Size = 16118
Delta = 0.040755
ObjValue = 87390.654746

Iter = 2
Size = 16118
Delta = 0.034276
ObjValue = 87390.654746

B_AB = {{1.184934 0.000000 }{0.000000 1.197461 }}
B_AC = {{1.405914 0.000000 }{0.000000 1.227563 }}
B_BA = {{1.202468 0.000000 }{0.000000 1.209450 }}
B_BC = {{1.509965 0.000000 }{0.000000 1.336346 }}
B_CA = {{1.392503 0.000000 }{0.000000 1.213878 }}
B_CB = {{1.515627 0.000000 }{0.000000 1.356488 }}
0.095864sec per iteration
Global accuracy = 23429/31554
Incremental accuracy = 5197/10394

Processed in 2.146809sec (1.628888sec for IO)
Done.
