----------Computing----------
Iter = 0
Size = 5370
Delta = 0.000000
ObjValue = 150.320027

Iter = 1
Size = 5370
Delta = 0.189680
ObjValue = 112.161554

Iter = 2
Size = 5370
Delta = 0.077239
ObjValue = 115.828293

Iter = 3
Size = 5370
Delta = 0.036108
ObjValue = 115.828293

B_AB = {{2.228822 0.000000 0.000000 }{0.000000 1.038312 0.000000 }{0.000000 0.000000 2.165474 }}
B_AC = {{2.206146 0.000000 0.000000 }{0.000000 1.059443 0.000000 }{0.000000 0.000000 1.945615 }}
B_BA = {{2.228822 0.000000 0.000000 }{0.000000 1.038312 0.000000 }{0.000000 0.000000 2.165474 }}
B_BC = {{2.187473 0.000000 0.000000 }{0.000000 1.100255 0.000000 }{0.000000 0.000000 2.172384 }}
B_CA = {{2.206146 0.000000 0.000000 }{0.000000 1.059443 0.000000 }{0.000000 0.000000 1.945615 }}
B_CB = {{2.187473 0.000000 0.000000 }{0.000000 1.100255 0.000000 }{0.000000 0.000000 2.172384 }}
0.012840sec per iteration
Old accuracy = 2076/3726

---------Recomputing---------
Iter = 0
Size = 5370
Delta = 0.000000
ObjValue = 35117.477177

Iter = 1
Size = 5370
Delta = 0.006418
ObjValue = 35149.826940

Iter = 2
Size = 5370
Delta = 0.006662
ObjValue = 35149.826940

B_AB = {{2.459828 0.000000 0.000000 }{0.000000 1.041768 0.000000 }{0.000000 0.000000 2.343663 }}
B_AC = {{2.773870 0.000000 0.000000 }{0.000000 1.029934 0.000000 }{0.000000 0.000000 1.814385 }}
B_BA = {{2.459828 0.000000 0.000000 }{0.000000 1.041768 0.000000 }{0.000000 0.000000 2.343663 }}
B_BC = {{2.369390 0.000000 0.000000 }{0.000000 1.044250 0.000000 }{0.000000 0.000000 2.094121 }}
B_CA = {{2.734638 0.000000 0.000000 }{0.000000 1.060850 0.000000 }{0.000000 0.000000 2.072624 }}
B_CB = {{2.337313 0.000000 0.000000 }{0.000000 1.100147 0.000000 }{0.000000 0.000000 2.305026 }}
0.031560sec per iteration
Global accuracy = 13958/21654
Incremental accuracy = 11952/17928

Processed in 2.038954sec (1.626948sec for IO)
Done.
