----------Computing----------
Iter = 0
Size = 20723
Delta = 0.000000
ObjValue = 61117.269978

Iter = 1
Size = 20723
Delta = 0.068919
ObjValue = 113864.473322

Iter = 2
Size = 20723
Delta = 0.055236
ObjValue = 113864.473322

B_AB = {{1.206100 0.000000 }{0.000000 1.173494 }}
B_AC = {{1.409107 0.000000 }{0.000000 1.203284 }}
B_BA = {{1.206100 0.000000 }{0.000000 1.173494 }}
B_BC = {{1.422124 0.000000 }{0.000000 1.293529 }}
B_CA = {{1.409107 0.000000 }{0.000000 1.203284 }}
B_CB = {{1.422129 0.000000 }{0.000000 1.293534 }}
0.139193sec per iteration
Old accuracy = 24474/28356

---------Increasing----------
2302
Iter = 0
Size = 2302
Delta = 0.000000
ObjValue = 4729.179636

Iter = 1
Size = 2302
Delta = 0.095852
ObjValue = 10603.126395

Iter = 2
Size = 2302
Delta = 0.013639
ObjValue = 10603.126395

B_AB = {{1.381331 0.000000 }{0.000000 1.464552 }}
B_AC = {{1.387987 0.000000 }{0.000000 1.191604 }}
B_BA = {{1.222973 0.000000 }{0.000000 1.235326 }}
B_BC = {{1.613818 0.000000 }{0.000000 1.507559 }}
B_CA = {{1.583787 0.000000 }{0.000000 1.419493 }}
B_CB = {{1.627834 0.000000 }{0.000000 1.384736 }}
0.026714sec per iteration
Global accuracy = 27304/31554
Incremental accuracy = 2830/3198

Processed in 2.162837sec (1.620624sec for IO)
Done.
