----------Computing----------
Iter = 0
Size = 4605
Delta = 0.000000
ObjValue = 917.127931

Iter = 1
Size = 4605
Delta = 0.040867
ObjValue = 1468.252760

Iter = 2
Size = 4605
Delta = 0.037467
ObjValue = 1468.252760

B_AB = {{1.291182 0.000000 }{0.000000 1.059975 }}
B_AC = {{1.193004 0.000000 }{0.000000 1.163266 }}
B_BA = {{1.291182 0.000000 }{0.000000 1.059975 }}
B_BC = {{1.241344 0.000000 }{0.000000 1.157350 }}
B_CA = {{1.193004 0.000000 }{0.000000 1.163266 }}
B_CB = {{1.241344 0.000000 }{0.000000 1.157350 }}
0.007439sec per iteration
Old accuracy = 5280/6282

---------Increasing----------
18420
Iter = 0
Size = 18420
Delta = 0.000000
ObjValue = 21846.651898

Iter = 1
Size = 18420
Delta = 0.768078
ObjValue = 59457.548765

Iter = 2
Size = 18420
Delta = 0.058494
ObjValue = 59457.548765

B_AB = {{1.392320 0.000000 }{0.000000 1.311795 }}
B_AC = {{1.426231 0.000000 }{0.000000 1.327842 }}
B_BA = {{1.357202 0.000000 }{0.000000 1.305036 }}
B_BC = {{1.502670 0.000000 }{0.000000 1.443852 }}
B_CA = {{1.447777 0.000000 }{0.000000 1.386586 }}
B_CB = {{1.500124 0.000000 }{0.000000 1.411025 }}
0.132587sec per iteration
Global accuracy = 27270/31554
Incremental accuracy = 21990/25272

Processed in 2.128553sec (1.707756sec for IO)
Done.
