----------Computing----------
Iter = 0
Size = 62383
Delta = 0.000000
ObjValue = 47710.375194

Iter = 1
Size = 62383
Delta = 0.956140
ObjValue = 528696.884775

Iter = 2
Size = 62383
Delta = 0.859528
ObjValue = 528696.884775

B_AB = {{1.000000 0.000000 }{0.000000 1.000000 }}
B_AC = {{1.000000 0.000000 }{0.000000 1.000000 }}
B_BA = {{1.000000 0.000000 }{0.000000 1.000000 }}
B_BC = {{1.000000 0.000000 }{0.000000 1.000000 }}
B_CA = {{1.000000 0.000000 }{0.000000 1.000000 }}
B_CB = {{1.000000 0.000000 }{0.000000 1.000000 }}
0.447016sec per iteration
Old accuracy = 9126/104182

Processed in 6.100623sec (5.191160sec for IO)
Done.
