----------Computing----------
Iter = 0
Size = 26850
Delta = 0.000000
ObjValue = 149664.000000

Iter = 1
Size = 26850
Delta = 0.068533
ObjValue = 57349.645297

Iter = 2
Size = 26850
Delta = 0.072092
ObjValue = 19551.633474

Iter = 3
Size = 26850
Delta = 0.073184
ObjValue = 12147.181261

Iter = 4
Size = 26850
Delta = 0.072671
ObjValue = 14061.625123

Iter = 5
Size = 26850
Delta = 0.069668
ObjValue = 14061.625123

B_AB = {{2.848766 0.000000 0.000000 }{0.000000 2.782600 0.000000 }{0.000000 0.000000 2.847910 }}
B_AC = {{2.960300 0.000000 0.000000 }{0.000000 2.300327 0.000000 }{0.000000 0.000000 2.958448 }}
B_BA = {{2.848766 0.000000 0.000000 }{0.000000 2.782600 0.000000 }{0.000000 0.000000 2.847910 }}
B_BC = {{2.967571 0.000000 0.000000 }{0.000000 2.172780 0.000000 }{0.000000 0.000000 2.949732 }}
B_CA = {{2.960301 0.000000 0.000000 }{0.000000 2.300333 0.000000 }{0.000000 0.000000 2.958449 }}
B_CB = {{2.967571 0.000000 0.000000 }{0.000000 2.172780 0.000000 }{0.000000 0.000000 2.949732 }}
0.168936sec per iteration
Old accuracy = 6892/21654

Processed in 2.666975sec (1.817952sec for IO)
Done.
