----------Computing----------
Iter = 0
Size = 11513
Delta = 0.000000
ObjValue = 1066.926453

Iter = 1
Size = 11513
Delta = 0.096450
ObjValue = 1346.725450

Iter = 2
Size = 11513
Delta = 0.052226
ObjValue = 1346.725450

B_AB = {{1.281590 0.000000 }{0.000000 1.746717 }}
B_AC = {{1.566108 0.000000 }{0.000000 1.765142 }}
B_BA = {{1.281590 0.000000 }{0.000000 1.746717 }}
B_BC = {{1.379402 0.000000 }{0.000000 1.628339 }}
B_CA = {{1.566108 0.000000 }{0.000000 1.765142 }}
B_CB = {{1.379402 0.000000 }{0.000000 1.628339 }}
0.009148sec per iteration
Old accuracy = 7170/13380

---------Increasing----------
11512
Iter = 0
Size = 11512
Delta = 0.000000
ObjValue = 33256.282571

Iter = 1
Size = 11512
Delta = 0.466450
ObjValue = 83638.674341

Iter = 2
Size = 11512
Delta = 0.046971
ObjValue = 83638.674341

B_AB = {{1.346592 0.000000 }{0.000000 1.532822 }}
B_AC = {{1.395644 0.000000 }{0.000000 1.343512 }}
B_BA = {{1.247647 0.000000 }{0.000000 1.467254 }}
B_BC = {{1.482596 0.000000 }{0.000000 1.588444 }}
B_CA = {{1.527973 0.000000 }{0.000000 1.508710 }}
B_CB = {{1.590227 0.000000 }{0.000000 1.571766 }}
0.144124sec per iteration
Global accuracy = 22592/31554
Incremental accuracy = 15422/18174

Processed in 2.164285sec (1.727331sec for IO)
Done.
