----------Computing----------
Iter = 0
Size = 20723
Delta = 0.000000
ObjValue = 50654.327573

Iter = 1
Size = 20723
Delta = 0.080395
ObjValue = 106114.179826

Iter = 2
Size = 20723
Delta = 0.076644
ObjValue = 106114.179826

B_AB = {{1.241990 0.000000 }{0.000000 1.287895 }}
B_AC = {{1.446824 0.000000 }{0.000000 1.308182 }}
B_BA = {{1.241990 0.000000 }{0.000000 1.287895 }}
B_BC = {{1.524128 0.000000 }{0.000000 1.402194 }}
B_CA = {{1.446824 0.000000 }{0.000000 1.308182 }}
B_CB = {{1.524131 0.000000 }{0.000000 1.402198 }}
0.139065sec per iteration
Old accuracy = 24096/28356

---------Recomputing---------
Iter = 0
Size = 20723
Delta = 0.000000
ObjValue = 154473.982407

Iter = 1
Size = 20723
Delta = 0.061967
ObjValue = 178640.984238

Iter = 2
Size = 20723
Delta = 0.053371
ObjValue = 178640.984238

B_AB = {{1.250892 0.000000 }{0.000000 1.254610 }}
B_AC = {{1.486444 0.000000 }{0.000000 1.308680 }}
B_BA = {{1.259228 0.000000 }{0.000000 1.269055 }}
B_BC = {{1.582219 0.000000 }{0.000000 1.401220 }}
B_CA = {{1.468654 0.000000 }{0.000000 1.302358 }}
B_CB = {{1.578749 0.000000 }{0.000000 1.408223 }}
0.155631sec per iteration
Global accuracy = 26251/31554
Incremental accuracy = 1599/3198

Processed in 2.509914sec (1.731541sec for IO)
Done.
