----------Computing----------
Iter = 0
Size = 23025
Delta = 0.000000
ObjValue = 45003.879680

Iter = 1
Size = 23025
Delta = 0.057547
ObjValue = 113113.528424

Iter = 2
Size = 23025
Delta = 0.066902
ObjValue = 113113.528424

B_AB = {{1.482257 0.000000 }{0.000000 1.548230 }}
B_AC = {{1.598081 0.000000 }{0.000000 1.523586 }}
B_BA = {{1.482257 0.000000 }{0.000000 1.548230 }}
B_BC = {{1.645520 0.000000 }{0.000000 1.631835 }}
B_CA = {{1.598081 0.000000 }{0.000000 1.523586 }}
B_CB = {{1.645521 0.000000 }{0.000000 1.631836 }}
0.176624sec per iteration
Old accuracy = 27372/31554

Processed in 2.009108sec (1.650372sec for IO)
Done.
