----------Computing----------
Iter = 0
Size = 12477
Delta = 0.000000
ObjValue = 1495.910998

Iter = 1
Size = 12477
Delta = 0.085472
ObjValue = 2153.299661

Iter = 2
Size = 12477
Delta = 0.077196
ObjValue = 2153.299661

B_AB = {{1.053427 0.000000 }{0.000000 1.096234 }}
B_AC = {{1.134512 0.000000 }{0.000000 1.389580 }}
B_BA = {{1.053427 0.000000 }{0.000000 1.096234 }}
B_BC = {{1.153090 0.000000 }{0.000000 1.291144 }}
B_CA = {{1.134512 0.000000 }{0.000000 1.389580 }}
B_CB = {{1.153090 0.000000 }{0.000000 1.291144 }}
0.013211sec per iteration
Old accuracy = 14512/21632

---------Increasing----------
49906
Iter = 0
Size = 49906
Delta = 0.000000
ObjValue = 83614.990709

Iter = 1
Size = 49906
Delta = 0.761345
ObjValue = 224237.804159

Iter = 2
Size = 49906
Delta = 0.055369
ObjValue = 224237.804159

B_AB = {{1.311908 0.000000 }{0.000000 1.402222 }}
B_AC = {{1.322050 0.000000 }{0.000000 1.502181 }}
B_BA = {{1.272096 0.000000 }{0.000000 1.377027 }}
B_BC = {{1.418740 0.000000 }{0.000000 1.524816 }}
B_CA = {{1.332575 0.000000 }{0.000000 1.514493 }}
B_CB = {{1.360056 0.000000 }{0.000000 1.549323 }}
0.446707sec per iteration
Global accuracy = 53884/104182
Incremental accuracy = 39372/82550

Processed in 6.621628sec (5.175142sec for IO)
Done.
