----------Computing----------
Iter = 0
Size = 20723
Delta = 0.000000
ObjValue = 61117.269978

Iter = 1
Size = 20723
Delta = 0.068919
ObjValue = 113864.473322

Iter = 2
Size = 20723
Delta = 0.055236
ObjValue = 113864.473322

B_AB = {{1.206100 0.000000 }{0.000000 1.173494 }}
B_AC = {{1.409107 0.000000 }{0.000000 1.203284 }}
B_BA = {{1.206100 0.000000 }{0.000000 1.173494 }}
B_BC = {{1.422124 0.000000 }{0.000000 1.293529 }}
B_CA = {{1.409107 0.000000 }{0.000000 1.203284 }}
B_CB = {{1.422129 0.000000 }{0.000000 1.293534 }}
0.133129sec per iteration
Old accuracy = 24474/28356

---------Recomputing---------
Iter = 0
Size = 20723
Delta = 0.000000
ObjValue = 154708.408831

Iter = 1
Size = 20723
Delta = 0.038345
ObjValue = 171330.416262

Iter = 2
Size = 20723
Delta = 0.029248
ObjValue = 171330.416262

B_AB = {{1.204016 0.000000 }{0.000000 1.153482 }}
B_AC = {{1.434012 0.000000 }{0.000000 1.221789 }}
B_BA = {{1.212413 0.000000 }{0.000000 1.161335 }}
B_BC = {{1.425362 0.000000 }{0.000000 1.294448 }}
B_CA = {{1.419456 0.000000 }{0.000000 1.214512 }}
B_CB = {{1.424819 0.000000 }{0.000000 1.298954 }}
0.149856sec per iteration
Global accuracy = 26025/31554
Incremental accuracy = 1599/3198

Processed in 2.528973sec (1.766419sec for IO)
Done.
