----------Computing----------
Iter = 0
Size = 21480
Delta = 0.000000
ObjValue = 6507.794967

Iter = 1
Size = 21480
Delta = 0.039705
ObjValue = 3466.372750

Iter = 2
Size = 21480
Delta = 0.047426
ObjValue = 3575.898074

Iter = 3
Size = 21480
Delta = 0.061676
ObjValue = 3575.898074

B_AB = {{1.456779 0.000000 0.000000 }{0.000000 1.185431 0.000000 }{0.000000 0.000000 1.496867 }}
B_AC = {{1.368460 0.000000 0.000000 }{0.000000 1.155097 0.000000 }{0.000000 0.000000 1.413165 }}
B_BA = {{1.456779 0.000000 0.000000 }{0.000000 1.185431 0.000000 }{0.000000 0.000000 1.496867 }}
B_BC = {{1.462505 0.000000 0.000000 }{0.000000 1.167660 0.000000 }{0.000000 0.000000 1.451747 }}
B_CA = {{1.368460 0.000000 0.000000 }{0.000000 1.155097 0.000000 }{0.000000 0.000000 1.413165 }}
B_CB = {{1.462505 0.000000 0.000000 }{0.000000 1.167660 0.000000 }{0.000000 0.000000 1.451747 }}
0.099772sec per iteration
Old accuracy = 12773/16770

---------Recomputing---------
Iter = 0
Size = 21480
Delta = 0.000000
ObjValue = 53016.968233

Iter = 1
Size = 21480
Delta = 0.063580
ObjValue = 55056.530551

Iter = 2
Size = 21480
Delta = 0.068135
ObjValue = 55056.530551

B_AB = {{2.166821 0.000000 0.000000 }{0.000000 1.206154 0.000000 }{0.000000 0.000000 2.120852 }}
B_AC = {{1.882377 0.000000 0.000000 }{0.000000 1.170506 0.000000 }{0.000000 0.000000 1.917639 }}
B_BA = {{2.166821 0.000000 0.000000 }{0.000000 1.206154 0.000000 }{0.000000 0.000000 2.120852 }}
B_BC = {{2.159076 0.000000 0.000000 }{0.000000 1.181624 0.000000 }{0.000000 0.000000 1.963269 }}
B_CA = {{1.877990 0.000000 0.000000 }{0.000000 1.181252 0.000000 }{0.000000 0.000000 1.913566 }}
B_CB = {{2.154854 0.000000 0.000000 }{0.000000 1.193046 0.000000 }{0.000000 0.000000 1.960030 }}
0.124236sec per iteration
Global accuracy = 15380/21654
Incremental accuracy = 3256/4884

Processed in 2.622844sec (1.488353sec for IO)
Done.
