----------Computing----------
Iter = 0
Size = 37430
Delta = 0.000000
ObjValue = 67609.315852

Iter = 1
Size = 37430
Delta = 0.096752
ObjValue = 89380.478414

Iter = 2
Size = 37430
Delta = 0.086748
ObjValue = 89380.478414

B_AB = {{1.090325 0.000000 }{0.000000 1.130104 }}
B_AC = {{1.140056 0.000000 }{0.000000 1.274091 }}
B_BA = {{1.090325 0.000000 }{0.000000 1.130104 }}
B_BC = {{1.174641 0.000000 }{0.000000 1.416464 }}
B_CA = {{1.140056 0.000000 }{0.000000 1.274091 }}
B_CB = {{1.174641 0.000000 }{0.000000 1.416464 }}
0.087386sec per iteration
Old accuracy = 46786/63240

---------Recomputing---------
Iter = 0
Size = 37430
Delta = 0.000000
ObjValue = 178830.113783

Iter = 1
Size = 37430
Delta = 0.044217
ObjValue = 179136.692180

Iter = 2
Size = 37430
Delta = 0.035192
ObjValue = 179136.692180

B_AB = {{1.087052 0.000000 }{0.000000 1.109280 }}
B_AC = {{1.148667 0.000000 }{0.000000 1.255552 }}
B_BA = {{1.096448 0.000000 }{0.000000 1.128386 }}
B_BC = {{1.167039 0.000000 }{0.000000 1.338277 }}
B_CA = {{1.141024 0.000000 }{0.000000 1.216714 }}
B_CB = {{1.191628 0.000000 }{0.000000 1.400832 }}
0.189840sec per iteration
Global accuracy = 64907/104182
Incremental accuracy = 20471/40942

Processed in 6.585458sec (5.268651sec for IO)
Done.
