----------Computing----------
Iter = 0
Size = 13815
Delta = 0.000000
ObjValue = 10884.359426

Iter = 1
Size = 13815
Delta = 0.047390
ObjValue = 19447.563888

Iter = 2
Size = 13815
Delta = 0.039409
ObjValue = 19447.563888

B_AB = {{1.117277 0.000000 }{0.000000 1.105545 }}
B_AC = {{1.246802 0.000000 }{0.000000 1.211357 }}
B_BA = {{1.117277 0.000000 }{0.000000 1.105545 }}
B_BC = {{1.364450 0.000000 }{0.000000 1.251974 }}
B_CA = {{1.246802 0.000000 }{0.000000 1.211357 }}
B_CB = {{1.364450 0.000000 }{0.000000 1.251974 }}
0.025571sec per iteration
Old accuracy = 14894/17282

---------Recomputing---------
Iter = 0
Size = 13815
Delta = 0.000000
ObjValue = 43074.306508

Iter = 1
Size = 13815
Delta = 0.019521
ObjValue = 44244.050312

Iter = 2
Size = 13815
Delta = 0.015541
ObjValue = 44244.050312

B_AB = {{1.095574 0.000000 }{0.000000 1.078203 }}
B_AC = {{1.237371 0.000000 }{0.000000 1.215636 }}
B_BA = {{1.116724 0.000000 }{0.000000 1.079415 }}
B_BC = {{1.310429 0.000000 }{0.000000 1.213762 }}
B_CA = {{1.222225 0.000000 }{0.000000 1.130560 }}
B_CB = {{1.328376 0.000000 }{0.000000 1.242793 }}
0.054624sec per iteration
Global accuracy = 22110/31554
Incremental accuracy = 7136/14272

Processed in 2.052727sec (1.704278sec for IO)
Done.
