----------Computing----------
Iter = 0
Size = 9211
Delta = 0.000000
ObjValue = 1680.041881

Iter = 1
Size = 9211
Delta = 0.059833
ObjValue = 2839.702026

Iter = 2
Size = 9211
Delta = 0.058498
ObjValue = 2839.702026

B_AB = {{1.107629 0.000000 }{0.000000 1.074646 }}
B_AC = {{1.230580 0.000000 }{0.000000 1.174687 }}
B_BA = {{1.107629 0.000000 }{0.000000 1.074646 }}
B_BC = {{1.290910 0.000000 }{0.000000 1.249418 }}
B_CA = {{1.230580 0.000000 }{0.000000 1.174687 }}
B_CB = {{1.290910 0.000000 }{0.000000 1.249418 }}
0.009508sec per iteration
Old accuracy = 6768/10828

---------Increasing----------
13814
Iter = 0
Size = 13814
Delta = 0.000000
ObjValue = 21893.803629

Iter = 1
Size = 13814
Delta = 0.569207
ObjValue = 62804.063256

Iter = 2
Size = 13814
Delta = 0.054006
ObjValue = 62804.063256

B_AB = {{1.328937 0.000000 }{0.000000 1.332290 }}
B_AC = {{1.353659 0.000000 }{0.000000 1.242199 }}
B_BA = {{1.243225 0.000000 }{0.000000 1.302540 }}
B_BC = {{1.503202 0.000000 }{0.000000 1.477714 }}
B_CA = {{1.458456 0.000000 }{0.000000 1.377484 }}
B_CB = {{1.524179 0.000000 }{0.000000 1.455321 }}
0.136964sec per iteration
Global accuracy = 23534/31554
Incremental accuracy = 16766/20726

Processed in 2.157071sec (1.711564sec for IO)
Done.
