----------Computing----------
Iter = 0
Size = 49907
Delta = 0.000000
ObjValue = 257151.926448

Iter = 1
Size = 49907
Delta = 0.081520
ObjValue = 346280.885330

Iter = 2
Size = 49907
Delta = 0.071977
ObjValue = 346280.885330

B_AB = {{1.120127 0.000000 }{0.000000 1.226426 }}
B_AC = {{1.186349 0.000000 }{0.000000 1.428069 }}
B_BA = {{1.120127 0.000000 }{0.000000 1.226426 }}
B_BC = {{1.171080 0.000000 }{0.000000 1.462746 }}
B_CA = {{1.186349 0.000000 }{0.000000 1.428069 }}
B_CB = {{1.171078 0.000000 }{0.000000 1.462972 }}
0.353828sec per iteration
Old accuracy = 71494/83416

---------Increasing----------
12476
Iter = 0
Size = 12476
Delta = 0.000000
ObjValue = 33957.722696

Iter = 1
Size = 12476
Delta = 0.188721
ObjValue = 78748.505395

Iter = 2
Size = 12476
Delta = 0.019714
ObjValue = 78748.505395

B_AB = {{1.293917 0.000000 }{0.000000 1.456842 }}
B_AC = {{1.285447 0.000000 }{0.000000 1.494678 }}
B_BA = {{1.158880 0.000000 }{0.000000 1.286965 }}
B_BC = {{1.422054 0.000000 }{0.000000 1.655801 }}
B_CA = {{1.325218 0.000000 }{0.000000 1.610646 }}
B_CB = {{1.322960 0.000000 }{0.000000 1.643427 }}
0.180914sec per iteration
Global accuracy = 82676/104182
Incremental accuracy = 11182/20766

Processed in 7.206673sec (5.259289sec for IO)
Done.
