----------Computing----------
Iter = 0
Size = 26850
Delta = 0.000000
ObjValue = 336744.000000

Iter = 1
Size = 26850
Delta = 0.985885
ObjValue = 83152811.771934

Iter = 2
Size = 26850
Delta = 0.604652
ObjValue = 83152811.771934

B_AB = {{1.000000 0.000000 0.000000 }{0.000000 1.000000 0.000000 }{0.000000 0.000000 1.000000 }}
B_AC = {{1.000000 0.000000 0.000000 }{0.000000 1.000000 0.000000 }{0.000000 0.000000 1.000000 }}
B_BA = {{1.000000 0.000000 0.000000 }{0.000000 1.000000 0.000000 }{0.000000 0.000000 1.000000 }}
B_BC = {{1.000000 0.000000 0.000000 }{0.000000 1.000000 0.000000 }{0.000000 0.000000 1.000000 }}
B_CA = {{1.000000 0.000000 0.000000 }{0.000000 1.000000 0.000000 }{0.000000 0.000000 1.000000 }}
B_CB = {{1.000000 0.000000 0.000000 }{0.000000 1.000000 0.000000 }{0.000000 0.000000 1.000000 }}
0.429865sec per iteration
Old accuracy = 16641/21654

Processed in 1.631847sec (0.768253sec for IO)
Done.
