----------Computing----------
Iter = 0
Size = 62383
Delta = 0.000000
ObjValue = 9242.974258

Iter = 1
Size = 62383
Delta = 0.808305
ObjValue = 3.194279

Iter = 2
Size = 62383
Delta = 0.174348
ObjValue = 3.224055

Iter = 3
Size = 62383
Delta = 0.315513
ObjValue = 201126.205462

B_AB = {{0.000000 0.000006 }{0.001903 0.000000 }}
B_AC = {{0.000000 0.018538 }{0.001906 0.000000 }}
B_BA = {{0.000000 0.001903 }{0.000006 0.000000 }}
B_BC = {{0.000000 0.017260 }{0.000005 0.000000 }}
B_CA = {{0.000000 0.001906 }{0.018538 0.000000 }}
B_CB = {{0.000000 0.000005 }{0.017260 0.000000 }}
0.293576sec per iteration
Old accuracy = 63786/104182

Processed in 9.872433sec (5.551909sec for IO)
Done.
