----------Computing----------
Iter = 0
Size = 13425
Delta = 0.000000
ObjValue = 11104919.777778

Iter = 1
Size = 13425
Delta = 0.000000
ObjValue = 45241.891767

Iter = 2
Size = 13425
Delta = 0.000000
ObjValue = 45241.891767

B_AB = {{0.006994 0.000000 0.000000 }{0.000000 0.006994 0.000000 }{0.000000 0.000000 0.006994 }}
B_AC = {{0.009700 0.000000 0.000000 }{0.000000 0.009700 0.000000 }{0.000000 0.000000 0.009700 }}
B_BA = {{0.006994 0.000000 0.000000 }{0.000000 0.006994 0.000000 }{0.000000 0.000000 0.006994 }}
B_BC = {{0.002661 0.000000 0.000000 }{0.000000 0.002661 0.000000 }{0.000000 0.000000 0.002661 }}
B_CA = {{0.009703 0.000000 0.000000 }{0.000000 0.009703 0.000000 }{0.000000 0.000000 0.009703 }}
B_CB = {{0.002661 0.000000 0.000000 }{0.000000 0.002661 0.000000 }{0.000000 0.000000 0.002661 }}
0.014910sec per iteration
Old accuracy = 2530/7590

---------Increasing----------
Iter = 0
Size = 13425
Delta = 0.000000
ObjValue = 231533.464740

Iter = 1
Size = 13425
Delta = 0.485885
ObjValue = 57144813401756.617188

Iter = 2
Size = 13425
Delta = 0.025015
ObjValue = 57144813401756.617188

B_AB = {{0.000032 0.000000 0.000000 }{0.000000 0.000032 0.000000 }{0.000000 0.000000 0.000032 }}
B_AC = {{0.000043 0.000000 0.000000 }{0.000000 0.000061 0.000000 }{0.000000 0.000000 0.000043 }}
B_BA = {{0.000049 0.000000 0.000000 }{0.000000 0.000049 0.000000 }{0.000000 0.000000 0.000049 }}
B_BC = {{0.000017 0.000000 0.000000 }{0.000000 0.000022 0.000000 }{0.000000 0.000000 0.000017 }}
B_CA = {{0.000000 0.000000 0.000000 }{0.000000 37.756738 0.000000 }{0.000000 0.000000 1.119002 }}
B_CB = {{0.000000 0.000000 0.000000 }{0.000000 7.116902 0.000000 }{0.000000 0.000000 0.345301 }}
0.056288sec per iteration
Global accuracy = 9247/21654
Incremental accuracy = 6717/14064

Processed in 2.091423sec (1.540841sec for IO)
Done.
