----------Computing----------
Iter = 0
Size = 36813
Delta = 0.000000
ObjValue = 163011.299546

Iter = 1
Size = 36813
Delta = 0.548769
ObjValue = 3203933.265925

Iter = 2
Size = 36813
Delta = 0.086851
ObjValue = 3203933.265925

B_AB = {{0.817514 0.269703 0.310234 0.313470 0.351633 0.336186 0.250764 0.384023 0.367641 0.354819 0.392057 0.384023 0.392057 0.392057 0.392057 0.392057 0.384023 0.392057 0.392057 }{0.276931 0.939494 0.328341 0.345405 0.355539 0.347402 0.286388 0.380295 0.371069 0.364581 0.385676 0.380295 0.385676 0.385676 0.385676 0.385676 0.380295 0.385676 0.385676 }{0.343125 0.353655 0.965423 0.370522 0.357900 0.355585 0.314255 0.376471 0.373107 0.371769 0.379705 0.376471 0.379705 0.379705 0.379705 0.379705 0.376471 0.379705 0.379705 }{0.311949 0.336672 0.336594 0.982371 0.357769 0.352586 0.301747 0.379297 0.373128 0.369290 0.383569 0.379297 0.383569 0.383569 0.383569 0.383569 0.379297 0.383569 0.383569 }{0.373573 0.371474 0.349934 0.382959 0.983559 0.360648 0.328049 0.376217 0.375457 0.376383 0.378501 0.376217 0.378501 0.378501 0.378501 0.378501 0.376217 0.378501 0.378501 }{0.360767 0.363912 0.346478 0.377556 0.359042 0.981328 0.321970 0.375980 0.374174 0.374180 0.378654 0.375980 0.378654 0.378654 0.378654 0.378654 0.375980 0.378654 0.378654 }{0.298963 0.328589 0.332227 0.353196 0.355324 0.349075 0.917902 0.377933 0.370819 0.366144 0.382571 0.377933 0.382571 0.382571 0.382571 0.382571 0.377933 0.382571 0.382571 }{0.391664 0.381775 0.353946 0.389966 0.361280 0.363085 0.335816 0.998536 0.376226 0.378550 0.377094 0.375391 0.377094 0.377094 0.377094 0.377094 0.375391 0.377094 0.377094 }{0.378848 0.374129 0.350481 0.384568 0.359957 0.360718 0.329838 0.375222 0.998112 0.376355 0.377317 0.375222 0.377317 0.377317 0.377317 0.377317 0.375222 0.377317 0.377317 }{0.364263 0.365758 0.347112 0.378814 0.359095 0.358603 0.323464 0.375706 0.374182 0.997602 0.378266 0.375706 0.378266 0.378266 0.378266 0.378266 0.375706 0.378266 0.378266 }{0.398685 0.385877 0.355726 0.392846 0.361892 0.364288 0.339032 0.375370 0.376793 0.379633 1.000000 0.375370 0.376855 0.376855 0.376855 0.376855 0.375370 0.376855 0.376855 }{0.391664 0.381775 0.353946 0.389966 0.361280 0.363085 0.335816 0.375391 0.376226 0.378550 0.377094 0.998536 0.377094 0.377094 0.377094 0.377094 0.375391 0.377094 0.377094 }{0.398685 0.385877 0.355726 0.392846 0.361892 0.364288 0.339032 0.375370 0.376793 0.379633 0.376855 0.375370 1.000000 0.376855 0.376855 0.376855 0.375370 0.376855 0.376855 }{0.398685 0.385877 0.355726 0.392846 0.361892 0.364288 0.339032 0.375370 0.376793 0.379633 0.376855 0.375370 0.376855 1.000000 0.376855 0.376855 0.375370 0.376855 0.376855 }{0.398685 0.385877 0.355726 0.392846 0.361892 0.364288 0.339032 0.375370 0.376793 0.379633 0.376855 0.375370 0.376855 0.376855 1.000000 0.376855 0.375370 0.376855 0.376855 }{0.398685 0.385877 0.355726 0.392846 0.361892 0.364288 0.339032 0.375370 0.376793 0.379633 0.376855 0.375370 0.376855 0.376855 0.376855 1.000000 0.375370 0.376855 0.376855 }{0.391664 0.381775 0.353946 0.389966 0.361280 0.363085 0.335816 0.375391 0.376226 0.378550 0.377094 0.375391 0.377094 0.377094 0.377094 0.377094 0.998536 0.377094 0.377094 }{0.398685 0.385877 0.355726 0.392846 0.361892 0.364288 0.339032 0.375370 0.376793 0.379633 0.376855 0.375370 0.376855 0.376855 0.376855 0.376855 0.375370 1.000000 0.376855 }{0.398685 0.385877 0.355726 0.392846 0.361892 0.364288 0.339032 0.375370 0.376793 0.379633 0.376855 0.375370 0.376855 0.376855 0.376855 0.376855 0.375370 0.376855 1.000000 }}
B_AC = {{0.885073 0.220189 0.276944 0.257504 0.290455 0.290312 0.291997 0.286484 0.274622 0.263222 0.289204 0.286484 0.289204 0.289204 0.289204 0.289204 0.286484 0.289204 0.289204 }{0.316679 0.944915 0.286468 0.295494 0.287982 0.295923 0.324006 0.278613 0.272278 0.268283 0.278813 0.278613 0.278813 0.278813 0.278813 0.278813 0.278613 0.278813 0.278813 }{0.401132 0.320832 0.966725 0.323655 0.285177 0.298578 0.346951 0.270885 0.270354 0.272749 0.269227 0.270885 0.269227 0.269227 0.269227 0.269227 0.270885 0.269227 0.269227 }{0.360188 0.301990 0.293042 0.980241 0.288004 0.298335 0.336236 0.275808 0.273385 0.272645 0.275117 0.275808 0.275117 0.275117 0.275117 0.275117 0.275808 0.275117 0.275117 }{0.437697 0.342507 0.300672 0.337629 0.957942 0.301642 0.358466 0.269467 0.271891 0.277074 0.267029 0.269467 0.267029 0.267029 0.267029 0.267029 0.269467 0.267029 0.267029 }{0.422473 0.334421 0.298401 0.331693 0.285370 0.971703 0.352650 0.269604 0.271206 0.275378 0.267544 0.269604 0.267544 0.267544 0.267544 0.267544 0.269604 0.267544 0.267544 }{0.345852 0.293723 0.289945 0.304016 0.286142 0.294517 1.000000 0.274375 0.271500 0.270260 0.274187 0.274375 0.274187 0.274187 0.274187 0.274187 0.274375 0.274187 0.274187 }{0.459825 0.355230 0.303520 0.345496 0.285616 0.302760 0.364814 0.939697 0.271893 0.278773 0.264801 0.267695 0.264801 0.264801 0.264801 0.264801 0.267695 0.264801 0.264801 }{0.444964 0.345669 0.300434 0.339691 0.284938 0.301206 0.359996 0.267976 0.942665 0.276344 0.265361 0.267976 0.265361 0.265361 0.265361 0.265361 0.267976 0.265361 0.265361 }{0.426954 0.335485 0.298090 0.332928 0.285052 0.300148 0.354708 0.269142 0.270482 0.946792 0.266912 0.269142 0.266912 0.266912 0.266912 0.266912 0.269142 0.266912 0.266912 }{0.468340 0.359908 0.304734 0.348733 0.285828 0.303602 0.367765 0.267488 0.272158 0.279620 0.936376 0.267488 0.264373 0.264373 0.264373 0.264373 0.267488 0.264373 0.264373 }{0.459825 0.355230 0.303520 0.345496 0.285616 0.302760 0.364814 0.267695 0.271893 0.278773 0.264801 0.939697 0.264801 0.264801 0.264801 0.264801 0.267695 0.264801 0.264801 }{0.468340 0.359908 0.304734 0.348733 0.285828 0.303602 0.367765 0.267488 0.272158 0.279620 0.264373 0.267488 0.936376 0.264373 0.264373 0.264373 0.267488 0.264373 0.264373 }{0.468340 0.359908 0.304734 0.348733 0.285828 0.303602 0.367765 0.267488 0.272158 0.279620 0.264373 0.267488 0.264373 0.936376 0.264373 0.264373 0.267488 0.264373 0.264373 }{0.468340 0.359908 0.304734 0.348733 0.285828 0.303602 0.367765 0.267488 0.272158 0.279620 0.264373 0.267488 0.264373 0.264373 0.936376 0.264373 0.267488 0.264373 0.264373 }{0.468340 0.359908 0.304734 0.348733 0.285828 0.303602 0.367765 0.267488 0.272158 0.279620 0.264373 0.267488 0.264373 0.264373 0.264373 0.936376 0.267488 0.264373 0.264373 }{0.459825 0.355230 0.303520 0.345496 0.285616 0.302760 0.364814 0.267695 0.271893 0.278773 0.264801 0.267695 0.264801 0.264801 0.264801 0.264801 0.939697 0.264801 0.264801 }{0.468340 0.359908 0.304734 0.348733 0.285828 0.303602 0.367765 0.267488 0.272158 0.279620 0.264373 0.267488 0.264373 0.264373 0.264373 0.264373 0.267488 0.936376 0.264373 }{0.468340 0.359908 0.304734 0.348733 0.285828 0.303602 0.367765 0.267488 0.272158 0.279620 0.264373 0.267488 0.264373 0.264373 0.264373 0.264373 0.267488 0.264373 0.936376 }}
B_BA = {{0.817514 0.276931 0.343125 0.311949 0.373573 0.360767 0.298963 0.391664 0.378848 0.364263 0.398685 0.391664 0.398685 0.398685 0.398685 0.398685 0.391664 0.398685 0.398685 }{0.269703 0.939494 0.353655 0.336672 0.371474 0.363912 0.328589 0.381775 0.374129 0.365758 0.385877 0.381775 0.385877 0.385877 0.385877 0.385877 0.381775 0.385877 0.385877 }{0.310234 0.328341 0.965423 0.336594 0.349934 0.346478 0.332227 0.353946 0.350481 0.347112 0.355726 0.353946 0.355726 0.355726 0.355726 0.355726 0.353946 0.355726 0.355726 }{0.313470 0.345405 0.370522 0.982371 0.382959 0.377556 0.353196 0.389966 0.384568 0.378814 0.392846 0.389966 0.392846 0.392846 0.392846 0.392846 0.389966 0.392846 0.392846 }{0.351633 0.355539 0.357900 0.357769 0.983559 0.359042 0.355324 0.361280 0.359957 0.359095 0.361892 0.361280 0.361892 0.361892 0.361892 0.361892 0.361280 0.361892 0.361892 }{0.336186 0.347402 0.355585 0.352586 0.360648 0.981328 0.349075 0.363085 0.360718 0.358603 0.364288 0.363085 0.364288 0.364288 0.364288 0.364288 0.363085 0.364288 0.364288 }{0.250764 0.286388 0.314255 0.301747 0.328049 0.321970 0.917902 0.335816 0.329838 0.323464 0.339032 0.335816 0.339032 0.339032 0.339032 0.339032 0.335816 0.339032 0.339032 }{0.384023 0.380295 0.376471 0.379297 0.376217 0.375980 0.377933 0.998536 0.375222 0.375706 0.375370 0.375391 0.375370 0.375370 0.375370 0.375370 0.375391 0.375370 0.375370 }{0.367641 0.371069 0.373107 0.373128 0.375457 0.374174 0.370819 0.376226 0.998112 0.374182 0.376793 0.376226 0.376793 0.376793 0.376793 0.376793 0.376226 0.376793 0.376793 }{0.354819 0.364581 0.371769 0.369290 0.376383 0.374180 0.366144 0.378550 0.376355 0.997602 0.379633 0.378550 0.379633 0.379633 0.379633 0.379633 0.378550 0.379633 0.379633 }{0.392057 0.385676 0.379705 0.383569 0.378501 0.378654 0.382571 0.377094 0.377317 0.378266 1.000000 0.377094 0.376855 0.376855 0.376855 0.376855 0.377094 0.376855 0.376855 }{0.384023 0.380295 0.376471 0.379297 0.376217 0.375980 0.377933 0.375391 0.375222 0.375706 0.375370 0.998536 0.375370 0.375370 0.375370 0.375370 0.375391 0.375370 0.375370 }{0.392057 0.385676 0.379705 0.383569 0.378501 0.378654 0.382571 0.377094 0.377317 0.378266 0.376855 0.377094 1.000000 0.376855 0.376855 0.376855 0.377094 0.376855 0.376855 }{0.392057 0.385676 0.379705 0.383569 0.378501 0.378654 0.382571 0.377094 0.377317 0.378266 0.376855 0.377094 0.376855 1.000000 0.376855 0.376855 0.377094 0.376855 0.376855 }{0.392057 0.385676 0.379705 0.383569 0.378501 0.378654 0.382571 0.377094 0.377317 0.378266 0.376855 0.377094 0.376855 0.376855 1.000000 0.376855 0.377094 0.376855 0.376855 }{0.392057 0.385676 0.379705 0.383569 0.378501 0.378654 0.382571 0.377094 0.377317 0.378266 0.376855 0.377094 0.376855 0.376855 0.376855 1.000000 0.377094 0.376855 0.376855 }{0.384023 0.380295 0.376471 0.379297 0.376217 0.375980 0.377933 0.375391 0.375222 0.375706 0.375370 0.375391 0.375370 0.375370 0.375370 0.375370 0.998536 0.375370 0.375370 }{0.392057 0.385676 0.379705 0.383569 0.378501 0.378654 0.382571 0.377094 0.377317 0.378266 0.376855 0.377094 0.376855 0.376855 0.376855 0.376855 0.377094 1.000000 0.376855 }{0.392057 0.385676 0.379705 0.383569 0.378501 0.378654 0.382571 0.377094 0.377317 0.378266 0.376855 0.377094 0.376855 0.376855 0.376855 0.376855 0.377094 0.376855 1.000000 }}
B_BC = {{0.914287 0.214291 0.257054 0.246776 0.270296 0.270767 0.275446 0.266394 0.254392 0.244638 0.268981 0.266394 0.268981 0.268981 0.268981 0.268981 0.266394 0.268981 0.268981 }{0.298502 0.957213 0.269724 0.278164 0.272366 0.278635 0.302786 0.263961 0.257498 0.253626 0.264607 0.263961 0.264607 0.264607 0.264607 0.264607 0.263961 0.264607 0.264607 }{0.348168 0.279049 0.956818 0.284103 0.253200 0.264459 0.306085 0.240485 0.238787 0.239880 0.239514 0.240485 0.239514 0.239514 0.239514 0.239514 0.240485 0.239514 0.239514 }{0.342186 0.292389 0.288408 1.000000 0.286617 0.294782 0.325615 0.276615 0.272725 0.271259 0.276509 0.276615 0.276509 0.276509 0.276509 0.276509 0.276615 0.276509 0.276509 }{0.389508 0.308825 0.277004 0.307623 0.963141 0.279315 0.327431 0.251938 0.252644 0.256044 0.250249 0.251938 0.250249 0.250249 0.250249 0.250249 0.251938 0.250249 0.250249 }{0.373019 0.299506 0.274315 0.301206 0.265591 0.974447 0.321630 0.252251 0.251854 0.254086 0.250955 0.252251 0.250955 0.250955 0.250955 0.250955 0.252251 0.250955 0.250955 }{0.290854 0.235053 0.230160 0.246899 0.227958 0.236921 0.968321 0.216682 0.212476 0.210964 0.216578 0.216682 0.216578 0.216578 0.216578 0.216578 0.216682 0.216578 0.216578 }{0.419654 0.334488 0.296670 0.330052 0.283887 0.297760 0.348301 0.966119 0.271074 0.275615 0.267115 0.269146 0.267115 0.267115 0.267115 0.267115 0.269146 0.267115 0.267115 }{0.402338 0.323711 0.292607 0.322542 0.282110 0.294906 0.341708 0.268283 0.965900 0.272254 0.266630 0.268283 0.266630 0.266630 0.266630 0.266630 0.268283 0.266630 0.266630 }{0.388355 0.315918 0.290816 0.317487 0.282287 0.294075 0.337402 0.269301 0.268893 0.968120 0.267990 0.269301 0.267990 0.267990 0.267990 0.267990 0.269301 0.267990 0.267990 }{0.427610 0.340304 0.300176 0.334749 0.286647 0.300867 0.352591 0.271641 0.273989 0.278952 0.966447 0.271641 0.269475 0.269475 0.269475 0.269475 0.271641 0.269475 0.269475 }{0.419654 0.334488 0.296670 0.330052 0.283887 0.297760 0.348301 0.269146 0.271074 0.275615 0.267115 0.966119 0.267115 0.267115 0.267115 0.267115 0.269146 0.267115 0.267115 }{0.427610 0.340304 0.300176 0.334749 0.286647 0.300867 0.352591 0.271641 0.273989 0.278952 0.269475 0.271641 0.966447 0.269475 0.269475 0.269475 0.271641 0.269475 0.269475 }{0.427610 0.340304 0.300176 0.334749 0.286647 0.300867 0.352591 0.271641 0.273989 0.278952 0.269475 0.271641 0.269475 0.966447 0.269475 0.269475 0.271641 0.269475 0.269475 }{0.427610 0.340304 0.300176 0.334749 0.286647 0.300867 0.352591 0.271641 0.273989 0.278952 0.269475 0.271641 0.269475 0.269475 0.966447 0.269475 0.271641 0.269475 0.269475 }{0.427610 0.340304 0.300176 0.334749 0.286647 0.300867 0.352591 0.271641 0.273989 0.278952 0.269475 0.271641 0.269475 0.269475 0.269475 0.966447 0.271641 0.269475 0.269475 }{0.419654 0.334488 0.296670 0.330052 0.283887 0.297760 0.348301 0.269146 0.271074 0.275615 0.267115 0.269146 0.267115 0.267115 0.267115 0.267115 0.966119 0.267115 0.267115 }{0.427610 0.340304 0.300176 0.334749 0.286647 0.300867 0.352591 0.271641 0.273989 0.278952 0.269475 0.271641 0.269475 0.269475 0.269475 0.269475 0.271641 0.966447 0.269475 }{0.427610 0.340304 0.300176 0.334749 0.286647 0.300867 0.352591 0.271641 0.273989 0.278952 0.269475 0.271641 0.269475 0.269475 0.269475 0.269475 0.271641 0.269475 0.966447 }}
B_CA = {{0.885073 0.316679 0.401132 0.360188 0.437697 0.422473 0.345852 0.459825 0.444964 0.426954 0.468340 0.459825 0.468340 0.468340 0.468340 0.468340 0.459825 0.468340 0.468340 }{0.220189 0.944914 0.320832 0.301990 0.342507 0.334421 0.293723 0.355230 0.345669 0.335485 0.359908 0.355230 0.359908 0.359908 0.359908 0.359908 0.355230 0.359908 0.359908 }{0.276944 0.286468 0.966725 0.293042 0.300672 0.298401 0.289945 0.303520 0.300434 0.298090 0.304734 0.303520 0.304734 0.304734 0.304734 0.304734 0.303520 0.304734 0.304734 }{0.257504 0.295493 0.323655 0.980241 0.337629 0.331693 0.304016 0.345496 0.339691 0.332928 0.348733 0.345496 0.348733 0.348733 0.348733 0.348733 0.345496 0.348733 0.348733 }{0.290455 0.287982 0.285177 0.288004 0.957942 0.285370 0.286142 0.285616 0.284938 0.285052 0.285827 0.285616 0.285827 0.285827 0.285827 0.285827 0.285616 0.285827 0.285827 }{0.290312 0.295923 0.298578 0.298335 0.301642 0.971703 0.294517 0.302760 0.301206 0.300148 0.303601 0.302760 0.303601 0.303601 0.303601 0.303601 0.302760 0.303601 0.303601 }{0.291997 0.324006 0.346951 0.336236 0.358466 0.352650 1.000000 0.364814 0.359996 0.354708 0.367765 0.364814 0.367765 0.367765 0.367765 0.367765 0.364814 0.367765 0.367765 }{0.286484 0.278613 0.270885 0.275808 0.269467 0.269604 0.274375 0.939697 0.267976 0.269142 0.267488 0.267695 0.267488 0.267488 0.267488 0.267488 0.267695 0.267488 0.267488 }{0.274622 0.272278 0.270354 0.273385 0.271891 0.271206 0.271500 0.271893 0.942665 0.270482 0.272158 0.271893 0.272158 0.272158 0.272158 0.272158 0.271893 0.272158 0.272158 }{0.263222 0.268283 0.272749 0.272645 0.277074 0.275378 0.270260 0.278773 0.276344 0.946792 0.279620 0.278773 0.279620 0.279620 0.279620 0.279620 0.278773 0.279620 0.279620 }{0.289204 0.278813 0.269227 0.275117 0.267029 0.267544 0.274187 0.264800 0.265361 0.266912 0.936376 0.264800 0.264373 0.264373 0.264373 0.264373 0.264800 0.264373 0.264373 }{0.286484 0.278613 0.270885 0.275808 0.269467 0.269604 0.274375 0.267695 0.267976 0.269142 0.267488 0.939697 0.267488 0.267488 0.267488 0.267488 0.267695 0.267488 0.267488 }{0.289204 0.278813 0.269227 0.275117 0.267029 0.267544 0.274187 0.264800 0.265361 0.266912 0.264373 0.264800 0.936376 0.264373 0.264373 0.264373 0.264800 0.264373 0.264373 }{0.289204 0.278813 0.269227 0.275117 0.267029 0.267544 0.274187 0.264800 0.265361 0.266912 0.264373 0.264800 0.264373 0.936376 0.264373 0.264373 0.264800 0.264373 0.264373 }{0.289204 0.278813 0.269227 0.275117 0.267029 0.267544 0.274187 0.264800 0.265361 0.266912 0.264373 0.264800 0.264373 0.264373 0.936376 0.264373 0.264800 0.264373 0.264373 }{0.289204 0.278813 0.269227 0.275117 0.267029 0.267544 0.274187 0.264800 0.265361 0.266912 0.264373 0.264800 0.264373 0.264373 0.264373 0.936376 0.264800 0.264373 0.264373 }{0.286484 0.278613 0.270885 0.275808 0.269467 0.269604 0.274375 0.267695 0.267976 0.269142 0.267488 0.267695 0.267488 0.267488 0.267488 0.267488 0.939697 0.267488 0.267488 }{0.289204 0.278813 0.269227 0.275117 0.267029 0.267544 0.274187 0.264800 0.265361 0.266912 0.264373 0.264800 0.264373 0.264373 0.264373 0.264373 0.264800 0.936376 0.264373 }{0.289204 0.278813 0.269227 0.275117 0.267029 0.267544 0.274187 0.264800 0.265361 0.266912 0.264373 0.264800 0.264373 0.264373 0.264373 0.264373 0.264800 0.264373 0.936376 }}
B_CB = {{0.914287 0.298502 0.348168 0.342186 0.389508 0.373019 0.290854 0.419654 0.402338 0.388355 0.427610 0.419654 0.427610 0.427610 0.427610 0.427610 0.419654 0.427610 0.427610 }{0.214291 0.957213 0.279049 0.292389 0.308825 0.299506 0.235053 0.334488 0.323711 0.315918 0.340304 0.334488 0.340304 0.340304 0.340304 0.340304 0.334488 0.340304 0.340304 }{0.257054 0.269724 0.956818 0.288408 0.277004 0.274315 0.230160 0.296670 0.292607 0.290816 0.300176 0.296670 0.300176 0.300176 0.300176 0.300176 0.296670 0.300176 0.300176 }{0.246776 0.278164 0.284103 1.000000 0.307623 0.301206 0.246899 0.330052 0.322542 0.317487 0.334749 0.330052 0.334749 0.334749 0.334749 0.334749 0.330052 0.334749 0.334749 }{0.270296 0.272366 0.253200 0.286617 0.963141 0.265591 0.227958 0.283887 0.282110 0.282287 0.286647 0.283887 0.286647 0.286647 0.286647 0.286647 0.283887 0.286647 0.286647 }{0.270767 0.278635 0.264459 0.294782 0.279315 0.974447 0.236921 0.297760 0.294906 0.294075 0.300867 0.297760 0.300867 0.300867 0.300867 0.300867 0.297760 0.300867 0.300867 }{0.275446 0.302786 0.306085 0.325615 0.327431 0.321630 0.968321 0.348301 0.341708 0.337402 0.352591 0.348301 0.352591 0.352591 0.352591 0.352591 0.348301 0.352591 0.352591 }{0.266394 0.263961 0.240485 0.276615 0.251938 0.252251 0.216682 0.966119 0.268283 0.269301 0.271641 0.269146 0.271641 0.271641 0.271641 0.271641 0.269146 0.271641 0.271641 }{0.254392 0.257498 0.238787 0.272725 0.252644 0.251854 0.212476 0.271074 0.965900 0.268893 0.273989 0.271074 0.273989 0.273989 0.273989 0.273989 0.271074 0.273989 0.273989 }{0.244638 0.253626 0.239880 0.271259 0.256044 0.254086 0.210964 0.275615 0.272254 0.968120 0.278952 0.275615 0.278952 0.278952 0.278952 0.278952 0.275615 0.278952 0.278952 }{0.268981 0.264607 0.239514 0.276509 0.250249 0.250955 0.216578 0.267115 0.266630 0.267990 0.966447 0.267115 0.269475 0.269475 0.269475 0.269475 0.267115 0.269475 0.269475 }{0.266394 0.263961 0.240485 0.276615 0.251938 0.252251 0.216682 0.269146 0.268283 0.269301 0.271641 0.966119 0.271641 0.271641 0.271641 0.271641 0.269146 0.271641 0.271641 }{0.268981 0.264607 0.239514 0.276509 0.250249 0.250955 0.216578 0.267115 0.266630 0.267990 0.269475 0.267115 0.966447 0.269475 0.269475 0.269475 0.267115 0.269475 0.269475 }{0.268981 0.264607 0.239514 0.276509 0.250249 0.250955 0.216578 0.267115 0.266630 0.267990 0.269475 0.267115 0.269475 0.966447 0.269475 0.269475 0.267115 0.269475 0.269475 }{0.268981 0.264607 0.239514 0.276509 0.250249 0.250955 0.216578 0.267115 0.266630 0.267990 0.269475 0.267115 0.269475 0.269475 0.966447 0.269475 0.267115 0.269475 0.269475 }{0.268981 0.264607 0.239514 0.276509 0.250249 0.250955 0.216578 0.267115 0.266630 0.267990 0.269475 0.267115 0.269475 0.269475 0.269475 0.966447 0.267115 0.269475 0.269475 }{0.266394 0.263961 0.240485 0.276615 0.251938 0.252251 0.216682 0.269146 0.268283 0.269301 0.271641 0.269146 0.271641 0.271641 0.271641 0.271641 0.966119 0.271641 0.271641 }{0.268981 0.264607 0.239514 0.276509 0.250249 0.250955 0.216578 0.267115 0.266630 0.267990 0.269475 0.267115 0.269475 0.269475 0.269475 0.269475 0.267115 0.966447 0.269475 }{0.268981 0.264607 0.239514 0.276509 0.250249 0.250955 0.216578 0.267115 0.266630 0.267990 0.269475 0.267115 0.269475 0.269475 0.269475 0.269475 0.267115 0.269475 0.966447 }}
2.014582sec per iteration
Old accuracy = 1999/5947

Processed in 6.443216sec (0.818254sec for IO)
Done.
