----------Computing----------
Iter = 0
Size = 10741
Delta = 0.000000
ObjValue = 7110278.222222

Iter = 1
Size = 10741
Delta = 0.000000
ObjValue = 26490.313094

Iter = 2
Size = 10741
Delta = 0.000000
ObjValue = 26490.313094

B_AB = {{0.006233 0.000000 0.000000 }{0.000000 0.006233 0.000000 }{0.000000 0.000000 0.006233 }}
B_AC = {{0.009392 0.000000 0.000000 }{0.000000 0.009392 0.000000 }{0.000000 0.000000 0.009392 }}
B_BA = {{0.006233 0.000000 0.000000 }{0.000000 0.006233 0.000000 }{0.000000 0.000000 0.006233 }}
B_BC = {{0.002878 0.000000 0.000000 }{0.000000 0.002878 0.000000 }{0.000000 0.000000 0.002878 }}
B_CA = {{0.009392 0.000000 0.000000 }{0.000000 0.009392 0.000000 }{0.000000 0.000000 0.009392 }}
B_CB = {{0.002878 0.000000 0.000000 }{0.000000 0.002878 0.000000 }{0.000000 0.000000 0.002878 }}
0.011885sec per iteration
Old accuracy = 2090/6270

---------Increasing----------
Iter = 0
Size = 16109
Delta = 0.000000
ObjValue = 254216.877588

Iter = 1
Size = 16109
Delta = 0.585847
ObjValue = 62303682278928.609375

Iter = 2
Size = 16109
Delta = 0.035475
ObjValue = 62303682278928.609375

B_AB = {{0.000029 0.000000 0.000000 }{0.000000 0.000029 0.000000 }{0.000000 0.000000 0.000029 }}
B_AC = {{0.000042 0.000000 0.000000 }{0.000000 0.000061 0.000000 }{0.000000 0.000000 0.000042 }}
B_BA = {{0.000035 0.000000 0.000000 }{0.000000 0.000035 0.000000 }{0.000000 0.000000 0.000035 }}
B_BC = {{0.000016 0.000000 0.000000 }{0.000000 0.000021 0.000000 }{0.000000 0.000000 0.000016 }}
B_CA = {{0.000000 0.000000 0.000000 }{0.000000 27.147041 0.000000 }{0.000000 0.000000 0.853299 }}
B_CB = {{0.000000 0.000000 0.000000 }{0.000000 6.444505 0.000000 }{0.000000 0.000000 0.313102 }}
0.061654sec per iteration
Global accuracy = 9888/21654
Incremental accuracy = 7798/15384

Processed in 2.258630sec (1.743790sec for IO)
Done.
