----------Computing----------
Iter = 0
Size = 23025
Delta = 0.000000
ObjValue = 3070.249940

Iter = 1
Size = 23025
Delta = 0.993109
ObjValue = 0.484441

Iter = 2
Size = 23025
Delta = 0.002152
ObjValue = 0.907917

Iter = 3
Size = 23025
Delta = 0.055682
ObjValue = 20904.783161

B_AB = {{0.054951 0.002916 }{0.061241 0.000000 }}
B_AC = {{0.674916 0.000000 }{0.671715 21.376021 }}
B_BA = {{0.054951 0.061241 }{0.002916 0.000000 }}
B_BC = {{3.720810 0.000000 }{0.056099 0.000000 }}
B_CA = {{0.674916 0.671715 }{0.000000 21.376021 }}
B_CB = {{3.720454 0.056097 }{0.000000 0.000000 }}
0.078470sec per iteration
Old accuracy = 14478/31554

Processed in 1.981939sec (1.739173sec for IO)
Done.
