----------Computing----------
Iter = 0
Size = 23025
Delta = 0.000000
ObjValue = 178888.788919

Iter = 1
Size = 23025
Delta = 0.963952
ObjValue = 93729485.321066

Iter = 2
Size = 23025
Delta = 0.485906
ObjValue = 93729485.321066

B_AB = {{1.000000 0.000000 }{0.000000 1.000000 }}
B_AC = {{1.000000 0.000000 }{0.000000 1.000000 }}
B_BA = {{1.000000 0.000000 }{0.000000 1.000000 }}
B_BC = {{1.000000 0.000000 }{0.000000 1.000000 }}
B_CA = {{1.000000 0.000000 }{0.000000 1.000000 }}
B_CB = {{1.000000 0.000000 }{0.000000 1.000000 }}
0.235473sec per iteration
Old accuracy = 27086/31554

Processed in 0.953307sec (0.476850sec for IO)
Done.
