----------Computing----------
Iter = 0
Size = 26850
Delta = 0.000000
ObjValue = 1720.785640

Iter = 1
Size = 26850
Delta = 0.941905
ObjValue = 12.530958

Iter = 2
Size = 26850
Delta = 0.004148
ObjValue = 278.172068

Iter = 3
Size = 26850
Delta = 0.213760
ObjValue = 7468920.023933

B_AB = {{1.187640 0.030257 1.360842 }{1.228190 0.000000 1.214112 }{1.374228 0.030060 1.171368 }}
B_AC = {{0.062646 0.000000 0.278775 }{0.184101 1.140347 0.183960 }{0.277900 0.000000 0.061510 }}
B_BA = {{1.187640 1.228190 1.374228 }{0.030257 0.000000 0.030060 }{1.360842 1.214112 1.171368 }}
B_BC = {{0.000000 0.000000 0.000000 }{0.062387 0.000000 0.062339 }{0.000000 0.000000 0.000000 }}
B_CA = {{0.062645 0.184101 0.277899 }{0.000000 1.140278 0.000000 }{0.278774 0.183960 0.061509 }}
B_CB = {{0.000000 0.062387 0.000000 }{0.000000 0.000000 0.000000 }{0.000000 0.062339 0.000000 }}
0.074349sec per iteration
Old accuracy = 16711/21654

Processed in 2.481418sec (1.568582sec for IO)
Done.
