----------Computing----------
Iter = 0
Size = 26850
Delta = 0.000000
ObjValue = 1720.785640

Iter = 1
Size = 26850
Delta = 0.983006
ObjValue = 12.547764

Iter = 2
Size = 26850
Delta = 0.297036
ObjValue = 119.757312

Iter = 3
Size = 26850
Delta = 0.245382
ObjValue = 3215483.828109

B_AB = {{1.000000 0.000000 0.000000 }{0.000000 1.000000 0.000000 }{0.000000 0.000000 1.000000 }}
B_AC = {{1.000000 0.000000 0.000000 }{0.000000 1.000000 0.000000 }{0.000000 0.000000 1.000000 }}
B_BA = {{1.000000 0.000000 0.000000 }{0.000000 1.000000 0.000000 }{0.000000 0.000000 1.000000 }}
B_BC = {{1.000000 0.000000 0.000000 }{0.000000 1.000000 0.000000 }{0.000000 0.000000 1.000000 }}
B_CA = {{1.000000 0.000000 0.000000 }{0.000000 1.000000 0.000000 }{0.000000 0.000000 1.000000 }}
B_CB = {{1.000000 0.000000 0.000000 }{0.000000 1.000000 0.000000 }{0.000000 0.000000 1.000000 }}
0.054976sec per iteration
Old accuracy = 6675/21654

Processed in 1.733375sec (1.562118sec for IO)
Done.
