----------Computing----------
Iter = 0
Size = 62383
Delta = 0.000000
ObjValue = 8167.847229

Iter = 1
Size = 62383
Delta = 0.221925
ObjValue = 8776.464485

Iter = 2
Size = 62383
Delta = 0.114753
ObjValue = 547502183.972883

B_AB = {{1.000000 0.000000 }{0.000000 1.000000 }}
B_AC = {{1.000000 0.000000 }{0.000000 1.000000 }}
B_BA = {{1.000000 0.000000 }{0.000000 1.000000 }}
B_BC = {{1.000000 0.000000 }{0.000000 1.000000 }}
B_CA = {{1.000000 0.000000 }{0.000000 1.000000 }}
B_CB = {{1.000000 0.000000 }{0.000000 1.000000 }}
0.339189sec per iteration
Old accuracy = 98273/104182

Processed in 6.194691sec (5.494748sec for IO)
Done.
