----------Computing----------
Iter = 0
Size = 62383
Delta = 0.000000
ObjValue = 2597060.375194

Iter = 1
Size = 62383
Delta = 0.967367
ObjValue = 770726381.015450

Iter = 2
Size = 62383
Delta = 0.295080
ObjValue = 770726381.015450

B_AB = {{1.000000 0.000000 }{0.000000 1.000000 }}
B_AC = {{1.000000 0.000000 }{0.000000 1.000000 }}
B_BA = {{1.000000 0.000000 }{0.000000 1.000000 }}
B_BC = {{1.000000 0.000000 }{0.000000 1.000000 }}
B_CA = {{1.000000 0.000000 }{0.000000 1.000000 }}
B_CB = {{1.000000 0.000000 }{0.000000 1.000000 }}
0.654576sec per iteration
Old accuracy = 76248/104182

Processed in 3.018708sec (1.687183sec for IO)
Done.
