----------Computing----------
Iter = 0
Size = 36813
Delta = 0.000000
ObjValue = 1.794939

Iter = 1
Size = 36813
Delta = 0.961718
ObjValue = 0.021178

Iter = 2
Size = 36813
Delta = 0.023201
ObjValue = 0.018925

Iter = 3
Size = 36813
Delta = 0.009648
ObjValue = 0.019388

Iter = 4
Size = 36813
Delta = 0.006737
ObjValue = 713.712265

B_AB = {{0.000000 0.243608 17.274952 7.184577 48.354977 38.608614 1.827977 62.067675 47.300014 30.925936 71.093926 62.067675 71.093926 71.093926 71.093926 71.093926 62.067675 71.093926 71.093926 }{0.001281 0.000000 13.033998 5.400859 36.677470 29.254679 1.365331 47.119156 35.873558 23.404840 53.993057 47.119156 53.993057 53.993057 53.993057 53.993057 47.119156 53.993057 53.993057 }{0.000877 0.116871 8.601380 3.633851 25.109500 19.988469 0.907014 32.310873 24.554282 15.954269 37.052626 32.310873 37.052626 37.052626 37.052626 37.052626 32.310873 37.052626 37.052626 }{0.000982 0.133300 9.927217 3.863791 28.122952 22.402313 1.026403 36.168418 27.502951 17.895147 41.465592 36.168418 41.465592 41.465592 41.465592 41.465592 36.168418 41.465592 41.465592 }{0.000678 0.085865 6.764663 2.764095 19.182497 15.428005 0.681674 25.022408 18.982869 12.286948 28.714669 25.022408 28.714669 28.714669 28.714669 28.714669 25.022408 28.714669 28.714669 }{0.000733 0.094365 7.332262 3.002780 20.978161 16.446612 0.743451 27.022374 20.511728 13.293334 31.002634 27.022374 31.002634 31.002634 31.002634 31.002634 27.022374 31.002634 31.002634 }{0.001123 0.155185 11.384946 4.707280 32.136744 25.617451 0.956239 41.306508 31.430453 20.480317 47.343480 41.306508 47.343480 47.343480 47.343480 47.343480 41.306508 47.343480 47.343480 }{0.000599 0.073557 5.942652 2.418433 17.152904 13.615683 0.592206 21.891826 16.768616 10.829420 25.400956 22.125816 25.400956 25.400956 25.400956 25.400956 22.125816 25.400956 25.400956 }{0.000682 0.086506 6.807453 2.782090 19.533536 15.522344 0.686334 25.173174 18.864915 12.362817 28.887144 25.173174 28.887144 28.887144 28.887144 28.887144 25.173174 28.887144 28.887144 }{0.000777 0.101225 7.790396 3.195429 22.239390 17.689485 0.793327 28.636838 21.745866 13.873369 32.849584 28.636838 32.849584 32.849584 32.849584 32.849584 28.636838 32.849584 32.849584 }{0.000549 0.065678 5.416928 2.197349 15.705665 12.456646 0.535006 20.273230 15.352445 9.897260 23.047101 20.273230 23.281566 23.281566 23.281566 23.281566 20.273230 23.281566 23.281566 }{0.000599 0.073557 5.942652 2.418433 17.152904 13.615683 0.592206 22.125816 16.768616 10.829420 25.400956 21.891826 25.400956 25.400956 25.400956 25.400956 22.125816 25.400956 25.400956 }{0.000549 0.065678 5.416928 2.197349 15.705665 12.456646 0.535006 20.273230 15.352445 9.897260 23.281566 20.273230 23.047101 23.281566 23.281566 23.281566 20.273230 23.281566 23.281566 }{0.000549 0.065678 5.416928 2.197349 15.705665 12.456646 0.535006 20.273230 15.352445 9.897260 23.281566 20.273230 23.281566 23.047101 23.281566 23.281566 20.273230 23.281566 23.281566 }{0.000549 0.065678 5.416928 2.197349 15.705665 12.456646 0.535006 20.273230 15.352445 9.897260 23.281566 20.273230 23.281566 23.281566 23.047101 23.281566 20.273230 23.281566 23.281566 }{0.000549 0.065678 5.416928 2.197349 15.705665 12.456646 0.535006 20.273230 15.352445 9.897260 23.281566 20.273230 23.281566 23.281566 23.281566 23.047101 20.273230 23.281566 23.281566 }{0.000599 0.073557 5.942652 2.418433 17.152904 13.615683 0.592206 22.125816 16.768616 10.829420 25.400956 22.125816 25.400956 25.400956 25.400956 25.400956 21.891826 25.400956 25.400956 }{0.000549 0.065678 5.416928 2.197349 15.705665 12.456646 0.535006 20.273230 15.352445 9.897260 23.281566 20.273230 23.281566 23.281566 23.281566 23.281566 20.273230 23.047101 23.281566 }{0.000549 0.065678 5.416928 2.197349 15.705665 12.456646 0.535006 20.273230 15.352445 9.897260 23.281566 20.273230 23.281566 23.281566 23.281566 23.281566 20.273230 23.281566 23.047101 }}
B_AC = {{0.039637 0.360554 0.717044 0.715145 1.188176 1.084775 0.450088 1.352003 1.150918 0.902295 1.492427 1.352003 1.492427 1.492427 1.492427 1.492427 1.352003 1.492427 1.492427 }{0.237792 0.092850 0.630801 0.636675 1.046986 0.956292 0.396231 1.193523 1.016150 0.795474 1.318550 1.193523 1.318550 1.318550 1.318550 1.318550 1.193523 1.318550 1.318550 }{0.211987 0.281080 0.313872 0.558815 0.906943 0.828853 0.342812 1.036318 0.882471 0.689529 1.146066 1.036318 1.146066 1.146066 1.146066 1.146066 1.036318 1.146066 1.146066 }{0.218662 0.291354 0.567481 0.348517 0.943289 0.861935 0.356681 1.077108 0.917167 0.717036 1.190817 1.077108 1.190817 1.190817 1.190817 1.190817 1.077108 1.190817 1.190817 }{0.199048 0.261272 0.502490 0.519827 0.603680 0.765092 0.316094 0.957629 0.815577 0.636529 1.059719 0.957629 1.059719 1.059719 1.059719 1.059719 0.957629 1.059719 1.059719 }{0.202631 0.266758 0.514334 0.530622 0.856265 0.550037 0.323483 0.979411 0.834095 0.651202 1.083620 0.979411 1.083620 1.083620 1.083620 1.083620 0.979411 1.083620 1.083620 }{0.227676 0.305139 0.597251 0.606137 0.992055 0.906295 0.146059 1.131862 0.963718 0.753922 1.250897 1.131862 1.250897 1.250897 1.250897 1.250897 1.131862 1.250897 1.250897 }{0.193857 0.253327 0.485332 0.504188 0.808758 0.739516 0.305378 0.692156 0.788738 0.615266 1.025076 0.926059 1.025076 1.025076 1.025076 1.025076 0.926059 1.025076 1.025076 }{0.199323 0.261690 0.503388 0.520652 0.838345 0.766435 0.316658 0.959285 0.583828 0.637637 1.061535 0.959285 1.061535 1.061535 1.061535 1.061535 0.959285 1.061535 1.061535 }{0.205537 0.271199 0.523927 0.539374 0.871993 0.797050 0.329486 0.997074 0.849101 0.430793 1.103004 0.997074 1.103004 1.103004 1.103004 1.103004 0.997074 1.103004 1.103004 }{0.190510 0.248202 0.474267 0.494102 0.790629 0.723020 0.298469 0.905697 0.771427 0.601552 0.768362 0.905697 1.002727 1.002727 1.002727 1.002727 0.905697 1.002727 1.002727 }{0.193857 0.253327 0.485332 0.504188 0.808758 0.739516 0.305378 0.926059 0.788738 0.615266 1.025076 0.692156 1.025076 1.025076 1.025076 1.025076 0.926059 1.025076 1.025076 }{0.190510 0.248202 0.474267 0.494102 0.790629 0.723020 0.298469 0.905697 0.771427 0.601552 1.002727 0.905697 0.768362 1.002727 1.002727 1.002727 0.905697 1.002727 1.002727 }{0.190510 0.248202 0.474267 0.494102 0.790629 0.723020 0.298469 0.905697 0.771427 0.601552 1.002727 0.905697 1.002727 0.768362 1.002727 1.002727 0.905697 1.002727 1.002727 }{0.190510 0.248202 0.474267 0.494102 0.790629 0.723020 0.298469 0.905697 0.771427 0.601552 1.002727 0.905697 1.002727 1.002727 0.768362 1.002727 0.905697 1.002727 1.002727 }{0.190510 0.248202 0.474267 0.494102 0.790629 0.723020 0.298469 0.905697 0.771427 0.601552 1.002727 0.905697 1.002727 1.002727 1.002727 0.768362 0.905697 1.002727 1.002727 }{0.193857 0.253327 0.485332 0.504188 0.808758 0.739516 0.305378 0.926059 0.788738 0.615266 1.025076 0.926059 1.025076 1.025076 1.025076 1.025076 0.692156 1.025076 1.025076 }{0.190510 0.248202 0.474267 0.494102 0.790629 0.723020 0.298469 0.905697 0.771427 0.601552 1.002727 0.905697 1.002727 1.002727 1.002727 1.002727 0.905697 0.768362 1.002727 }{0.190510 0.248202 0.474267 0.494102 0.790629 0.723020 0.298469 0.905697 0.771427 0.601552 1.002727 0.905697 1.002727 1.002727 1.002727 1.002727 0.905697 1.002727 0.768362 }}
B_BA = {{0.000000 0.001281 0.000877 0.000982 0.000678 0.000733 0.001123 0.000599 0.000682 0.000777 0.000549 0.000599 0.000549 0.000549 0.000549 0.000549 0.000599 0.000549 0.000549 }{0.243608 0.000000 0.116871 0.133300 0.085865 0.094365 0.155185 0.073557 0.086506 0.101225 0.065678 0.073557 0.065678 0.065678 0.065678 0.065678 0.073557 0.065678 0.065678 }{17.274952 13.033998 8.601380 9.927217 6.764663 7.332262 11.384946 5.942652 6.807453 7.790396 5.416928 5.942652 5.416928 5.416928 5.416928 5.416928 5.942652 5.416928 5.416928 }{7.184577 5.400859 3.633851 3.863791 2.764095 3.002780 4.707280 2.418433 2.782090 3.195429 2.197349 2.418433 2.197349 2.197349 2.197349 2.197349 2.418433 2.197349 2.197349 }{48.354977 36.677470 25.109500 28.122952 19.182497 20.978161 32.136744 17.152904 19.533536 22.239390 15.705665 17.152904 15.705665 15.705665 15.705665 15.705665 17.152904 15.705665 15.705665 }{38.608614 29.254679 19.988469 22.402313 15.428005 16.446612 25.617451 13.615683 15.522344 17.689485 12.456646 13.615683 12.456646 12.456646 12.456646 12.456646 13.615683 12.456646 12.456646 }{1.827977 1.365331 0.907014 1.026403 0.681674 0.743451 0.956239 0.592206 0.686334 0.793327 0.535006 0.592206 0.535006 0.535006 0.535006 0.535006 0.592206 0.535006 0.535006 }{62.067675 47.119156 32.310873 36.168418 25.022408 27.022374 41.306508 21.891826 25.173174 28.636838 20.273230 22.125816 20.273230 20.273230 20.273230 20.273230 22.125816 20.273230 20.273230 }{47.300014 35.873558 24.554282 27.502951 18.982869 20.511728 31.430453 16.768616 18.864915 21.745866 15.352445 16.768616 15.352445 15.352445 15.352445 15.352445 16.768616 15.352445 15.352445 }{30.925936 23.404840 15.954269 17.895147 12.286948 13.293334 20.480317 10.829420 12.362817 13.873369 9.897260 10.829420 9.897260 9.897260 9.897260 9.897260 10.829420 9.897260 9.897260 }{71.093926 53.993057 37.052626 41.465592 28.714669 31.002634 47.343480 25.400956 28.887144 32.849584 23.047101 25.400956 23.281566 23.281566 23.281566 23.281566 25.400956 23.281566 23.281566 }{62.067675 47.119156 32.310873 36.168418 25.022408 27.022374 41.306508 22.125816 25.173174 28.636838 20.273230 21.891826 20.273230 20.273230 20.273230 20.273230 22.125816 20.273230 20.273230 }{71.093926 53.993057 37.052626 41.465592 28.714669 31.002634 47.343480 25.400956 28.887144 32.849584 23.281566 25.400956 23.047101 23.281566 23.281566 23.281566 25.400956 23.281566 23.281566 }{71.093926 53.993057 37.052626 41.465592 28.714669 31.002634 47.343480 25.400956 28.887144 32.849584 23.281566 25.400956 23.281566 23.047101 23.281566 23.281566 25.400956 23.281566 23.281566 }{71.093926 53.993057 37.052626 41.465592 28.714669 31.002634 47.343480 25.400956 28.887144 32.849584 23.281566 25.400956 23.281566 23.281566 23.047101 23.281566 25.400956 23.281566 23.281566 }{71.093926 53.993057 37.052626 41.465592 28.714669 31.002634 47.343480 25.400956 28.887144 32.849584 23.281566 25.400956 23.281566 23.281566 23.281566 23.047101 25.400956 23.281566 23.281566 }{62.067675 47.119156 32.310873 36.168418 25.022408 27.022374 41.306508 22.125816 25.173174 28.636838 20.273230 22.125816 20.273230 20.273230 20.273230 20.273230 21.891826 20.273230 20.273230 }{71.093926 53.993057 37.052626 41.465592 28.714669 31.002634 47.343480 25.400956 28.887144 32.849584 23.281566 25.400956 23.281566 23.281566 23.281566 23.281566 25.400956 23.047101 23.281566 }{71.093926 53.993057 37.052626 41.465592 28.714669 31.002634 47.343480 25.400956 28.887144 32.849584 23.281566 25.400956 23.281566 23.281566 23.281566 23.281566 25.400956 23.281566 23.047101 }}
B_BC = {{0.000000 0.000001 0.000003 0.000003 0.000005 0.000005 0.000002 0.000005 0.000005 0.000004 0.000006 0.000005 0.000006 0.000006 0.000006 0.000006 0.000005 0.000006 0.000006 }{0.000995 0.000000 0.002936 0.002833 0.005104 0.004493 0.001630 0.006167 0.005032 0.003868 0.006989 0.006167 0.006989 0.006989 0.006989 0.006989 0.006167 0.006989 0.006989 }{0.025147 0.038881 0.000000 0.077619 0.138470 0.127275 0.049997 0.162106 0.136698 0.107722 0.181830 0.162106 0.181830 0.181830 0.181830 0.181830 0.162106 0.181830 0.181830 }{0.012918 0.019407 0.042985 0.000000 0.072614 0.066269 0.024839 0.086514 0.072305 0.056193 0.097524 0.086514 0.097524 0.097524 0.097524 0.097524 0.086514 0.097524 0.097524 }{0.043013 0.069874 0.150629 0.135597 0.005767 0.221498 0.091106 0.271531 0.233014 0.188150 0.302576 0.271531 0.302576 0.302576 0.302576 0.302576 0.271531 0.302576 0.302576 }{0.038470 0.061684 0.132945 0.120460 0.211692 0.000000 0.080139 0.243389 0.207981 0.166936 0.271625 0.243389 0.271625 0.271625 0.271625 0.271625 0.243389 0.271625 0.271625 }{0.004611 0.006623 0.014750 0.014030 0.025422 0.022868 0.000000 0.030844 0.025564 0.019686 0.034936 0.030844 0.034936 0.034936 0.034936 0.034936 0.030844 0.034936 0.034936 }{0.049246 0.081132 0.174958 0.156394 0.272771 0.255480 0.106197 0.078224 0.267297 0.217285 0.344789 0.309941 0.344789 0.344789 0.344789 0.344789 0.309941 0.344789 0.344789 }{0.042563 0.069060 0.148820 0.134063 0.234876 0.218988 0.089979 0.268712 0.000000 0.185994 0.299486 0.268712 0.299486 0.299486 0.299486 0.299486 0.268712 0.299486 0.299486 }{0.035127 0.055617 0.119761 0.109237 0.192711 0.178382 0.071943 0.222819 0.189540 0.000000 0.249048 0.222819 0.249048 0.249048 0.249048 0.249048 0.222819 0.249048 0.249048 }{0.053335 0.088532 0.190949 0.170048 0.295968 0.277822 0.116124 0.335179 0.289819 0.236428 0.140807 0.335179 0.372524 0.372524 0.372524 0.372524 0.335179 0.372524 0.372524 }{0.049246 0.081132 0.174958 0.156394 0.272771 0.255480 0.106197 0.309941 0.267297 0.217285 0.344789 0.078224 0.344789 0.344789 0.344789 0.344789 0.309941 0.344789 0.344789 }{0.053335 0.088532 0.190949 0.170048 0.295968 0.277822 0.116124 0.335179 0.289819 0.236428 0.372524 0.335179 0.140807 0.372524 0.372524 0.372524 0.335179 0.372524 0.372524 }{0.053335 0.088532 0.190949 0.170048 0.295968 0.277822 0.116124 0.335179 0.289819 0.236428 0.372524 0.335179 0.372524 0.140807 0.372524 0.372524 0.335179 0.372524 0.372524 }{0.053335 0.088532 0.190949 0.170048 0.295968 0.277822 0.116124 0.335179 0.289819 0.236428 0.372524 0.335179 0.372524 0.372524 0.140807 0.372524 0.335179 0.372524 0.372524 }{0.053335 0.088532 0.190949 0.170048 0.295968 0.277822 0.116124 0.335179 0.289819 0.236428 0.372524 0.335179 0.372524 0.372524 0.372524 0.140807 0.335179 0.372524 0.372524 }{0.049246 0.081132 0.174958 0.156394 0.272771 0.255480 0.106197 0.309941 0.267297 0.217285 0.344789 0.309941 0.344789 0.344789 0.344789 0.344789 0.078224 0.344789 0.344789 }{0.053335 0.088532 0.190949 0.170048 0.295968 0.277822 0.116124 0.335179 0.289819 0.236428 0.372524 0.335179 0.372524 0.372524 0.372524 0.372524 0.335179 0.140807 0.372524 }{0.053335 0.088532 0.190949 0.170048 0.295968 0.277822 0.116124 0.335179 0.289819 0.236428 0.372524 0.335179 0.372524 0.372524 0.372524 0.372524 0.335179 0.372524 0.140807 }}
B_CA = {{0.039635 0.237790 0.211985 0.218660 0.199046 0.202629 0.227674 0.193856 0.199321 0.205535 0.190509 0.193856 0.190509 0.190509 0.190509 0.190509 0.193856 0.190509 0.190509 }{0.360551 0.092847 0.281077 0.291351 0.261270 0.266756 0.305137 0.253325 0.261687 0.271197 0.248200 0.253325 0.248200 0.248200 0.248200 0.248200 0.253325 0.248200 0.248200 }{0.717043 0.630800 0.313870 0.567479 0.502487 0.514331 0.597250 0.485330 0.503386 0.523925 0.474265 0.485330 0.474265 0.474265 0.474265 0.474265 0.485330 0.474265 0.474265 }{0.715138 0.636669 0.558810 0.348512 0.519822 0.530617 0.606132 0.504184 0.520648 0.539369 0.494097 0.504184 0.494097 0.494097 0.494097 0.494097 0.504184 0.494097 0.494097 }{1.188198 1.047001 0.906951 0.943299 0.603685 0.856271 0.992067 0.808761 0.838350 0.871999 0.790631 0.808761 0.790631 0.790631 0.790631 0.790631 0.808761 0.790631 0.790631 }{1.084790 0.956303 0.828859 0.861941 0.765095 0.550040 0.906303 0.739518 0.766438 0.797054 0.723021 0.739518 0.723021 0.723021 0.723021 0.723021 0.739518 0.723021 0.723021 }{0.450084 0.396228 0.342809 0.356678 0.316092 0.323480 0.146056 0.305375 0.316655 0.329483 0.298466 0.305375 0.298466 0.298466 0.298466 0.298466 0.305375 0.298466 0.298466 }{1.352033 1.193544 1.036330 1.077122 0.957637 0.979420 1.131879 0.692162 0.959293 0.997084 0.905701 0.926065 0.905701 0.905701 0.905701 0.905701 0.926065 0.905701 0.905701 }{1.150939 1.016164 0.882479 0.917177 0.815582 0.834101 0.963730 0.788742 0.583833 0.849108 0.771430 0.788742 0.771430 0.771430 0.771430 0.771430 0.788742 0.771430 0.771430 }{0.902310 0.795484 0.689535 0.717042 0.636532 0.651206 0.753930 0.615268 0.637640 0.430798 0.601554 0.615268 0.601554 0.601554 0.601554 0.601554 0.615268 0.601554 0.601554 }{1.492462 1.318574 1.146080 1.190834 1.059728 1.083631 1.250918 1.025082 1.061544 1.103016 0.768367 1.025082 1.002733 1.002733 1.002733 1.002733 1.025082 1.002733 1.002733 }{1.352033 1.193544 1.036330 1.077122 0.957637 0.979420 1.131879 0.926065 0.959293 0.997084 0.905701 0.692162 0.905701 0.905701 0.905701 0.905701 0.926065 0.905701 0.905701 }{1.492462 1.318574 1.146080 1.190834 1.059728 1.083631 1.250918 1.025082 1.061544 1.103016 1.002733 1.025082 0.768367 1.002733 1.002733 1.002733 1.025082 1.002733 1.002733 }{1.492462 1.318574 1.146080 1.190834 1.059728 1.083631 1.250918 1.025082 1.061544 1.103016 1.002733 1.025082 1.002733 0.768367 1.002733 1.002733 1.025082 1.002733 1.002733 }{1.492462 1.318574 1.146080 1.190834 1.059728 1.083631 1.250918 1.025082 1.061544 1.103016 1.002733 1.025082 1.002733 1.002733 0.768367 1.002733 1.025082 1.002733 1.002733 }{1.492462 1.318574 1.146080 1.190834 1.059728 1.083631 1.250918 1.025082 1.061544 1.103016 1.002733 1.025082 1.002733 1.002733 1.002733 0.768367 1.025082 1.002733 1.002733 }{1.352033 1.193544 1.036330 1.077122 0.957637 0.979420 1.131879 0.926065 0.959293 0.997084 0.905701 0.926065 0.905701 0.905701 0.905701 0.905701 0.692162 0.905701 0.905701 }{1.492462 1.318574 1.146080 1.190834 1.059728 1.083631 1.250918 1.025082 1.061544 1.103016 1.002733 1.025082 1.002733 1.002733 1.002733 1.002733 1.025082 0.768367 1.002733 }{1.492462 1.318574 1.146080 1.190834 1.059728 1.083631 1.250918 1.025082 1.061544 1.103016 1.002733 1.025082 1.002733 1.002733 1.002733 1.002733 1.025082 1.002733 0.768367 }}
B_CB = {{0.000000 0.000995 0.025147 0.012918 0.043013 0.038470 0.004611 0.049246 0.042563 0.035127 0.053335 0.049246 0.053335 0.053335 0.053335 0.053335 0.049246 0.053335 0.053335 }{0.000001 0.000000 0.038881 0.019407 0.069874 0.061684 0.006623 0.081132 0.069060 0.055617 0.088532 0.081132 0.088532 0.088532 0.088532 0.088532 0.081132 0.088532 0.088532 }{0.000003 0.002936 0.000000 0.042985 0.150629 0.132945 0.014750 0.174958 0.148820 0.119761 0.190949 0.174958 0.190949 0.190949 0.190949 0.190949 0.174958 0.190949 0.190949 }{0.000003 0.002833 0.077619 0.000000 0.135597 0.120460 0.014030 0.156394 0.134063 0.109237 0.170048 0.156394 0.170048 0.170048 0.170048 0.170048 0.156394 0.170048 0.170048 }{0.000005 0.005104 0.138470 0.072614 0.005767 0.211692 0.025422 0.272771 0.234876 0.192711 0.295968 0.272771 0.295968 0.295968 0.295968 0.295968 0.272771 0.295968 0.295968 }{0.000005 0.004493 0.127275 0.066269 0.221498 0.000000 0.022868 0.255480 0.218988 0.178382 0.277822 0.255480 0.277822 0.277822 0.277822 0.277822 0.255480 0.277822 0.277822 }{0.000002 0.001630 0.049997 0.024839 0.091106 0.080139 0.000000 0.106197 0.089979 0.071943 0.116124 0.106197 0.116124 0.116124 0.116124 0.116124 0.106197 0.116124 0.116124 }{0.000005 0.006167 0.162106 0.086514 0.271531 0.243389 0.030844 0.078224 0.268712 0.222819 0.335179 0.309941 0.335179 0.335179 0.335179 0.335179 0.309941 0.335179 0.335179 }{0.000005 0.005032 0.136698 0.072305 0.233014 0.207981 0.025564 0.267297 0.000000 0.189540 0.289819 0.267297 0.289819 0.289819 0.289819 0.289819 0.267297 0.289819 0.289819 }{0.000004 0.003868 0.107722 0.056193 0.188150 0.166936 0.019686 0.217285 0.185994 0.000000 0.236428 0.217285 0.236428 0.236428 0.236428 0.236428 0.217285 0.236428 0.236428 }{0.000006 0.006989 0.181830 0.097524 0.302576 0.271625 0.034936 0.344789 0.299486 0.249048 0.140807 0.344789 0.372524 0.372524 0.372524 0.372524 0.344789 0.372524 0.372524 }{0.000005 0.006167 0.162106 0.086514 0.271531 0.243389 0.030844 0.309941 0.268712 0.222819 0.335179 0.078224 0.335179 0.335179 0.335179 0.335179 0.309941 0.335179 0.335179 }{0.000006 0.006989 0.181830 0.097524 0.302576 0.271625 0.034936 0.344789 0.299486 0.249048 0.372524 0.344789 0.140807 0.372524 0.372524 0.372524 0.344789 0.372524 0.372524 }{0.000006 0.006989 0.181830 0.097524 0.302576 0.271625 0.034936 0.344789 0.299486 0.249048 0.372524 0.344789 0.372524 0.140807 0.372524 0.372524 0.344789 0.372524 0.372524 }{0.000006 0.006989 0.181830 0.097524 0.302576 0.271625 0.034936 0.344789 0.299486 0.249048 0.372524 0.344789 0.372524 0.372524 0.140807 0.372524 0.344789 0.372524 0.372524 }{0.000006 0.006989 0.181830 0.097524 0.302576 0.271625 0.034936 0.344789 0.299486 0.249048 0.372524 0.344789 0.372524 0.372524 0.372524 0.140807 0.344789 0.372524 0.372524 }{0.000005 0.006167 0.162106 0.086514 0.271531 0.243389 0.030844 0.309941 0.268712 0.222819 0.335179 0.309941 0.335179 0.335179 0.335179 0.335179 0.078224 0.335179 0.335179 }{0.000006 0.006989 0.181830 0.097524 0.302576 0.271625 0.034936 0.344789 0.299486 0.249048 0.372524 0.344789 0.372524 0.372524 0.372524 0.372524 0.344789 0.140807 0.372524 }{0.000006 0.006989 0.181830 0.097524 0.302576 0.271625 0.034936 0.344789 0.299486 0.249048 0.372524 0.344789 0.372524 0.372524 0.372524 0.372524 0.344789 0.372524 0.140807 }}
0.422048sec per iteration
Old accuracy = 2483/5947

Processed in 6.458268sec (4.734840sec for IO)
Done.
