----------Computing----------
Iter = 0
Size = 23025
Delta = 0.000000
ObjValue = 3045.989934

Iter = 1
Size = 23025
Delta = 0.956117
ObjValue = 0.485286

Iter = 2
Size = 23025
Delta = 0.019212
ObjValue = 57.721464

Iter = 3
Size = 23025
Delta = 2.278863
ObjValue = 1329036.712663

B_AB = {{0.000719 0.000068 }{0.001347 0.000000 }}
B_AC = {{0.000000 0.000000 }{0.047671 0.000000 }}
B_BA = {{0.000719 0.001347 }{0.000068 0.000000 }}
B_BC = {{0.000000 0.000000 }{0.000000 0.000000 }}
B_CA = {{0.000000 0.047671 }{0.000000 0.000000 }}
B_CB = {{0.000000 0.000000 }{0.000000 0.000000 }}
0.073092sec per iteration
Old accuracy = 15762/31554

Processed in 2.748919sec (1.711552sec for IO)
Done.
