----------Computing----------
Iter = 0
Size = 62383
Delta = 0.000000
ObjValue = 8167.847229

Iter = 1
Size = 62383
Delta = 0.984220
ObjValue = 0.446289

Iter = 2
Size = 62383
Delta = 0.011693
ObjValue = 0.457464

Iter = 3
Size = 62383
Delta = 0.012822
ObjValue = 28537.953966

B_AB = {{0.000343 0.000059 }{0.005725 0.000000 }}
B_AC = {{0.160475 0.000000 }{0.012331 0.000000 }}
B_BA = {{0.000343 0.005725 }{0.000059 0.000000 }}
B_BC = {{0.547345 0.523134 }{0.000335 0.000000 }}
B_CA = {{0.160475 0.012331 }{0.000000 0.000000 }}
B_CB = {{0.547345 0.000335 }{0.523133 0.000000 }}
0.290908sec per iteration
Old accuracy = 94024/104182

Processed in 6.429019sec (5.532825sec for IO)
Done.
