----------Computing----------
Iter = 0
Size = 62383
Delta = 0.000000
ObjValue = 1039806146.958050

Iter = 1
Size = 62383
Delta = 0.562957
ObjValue = 354704471.930339

Iter = 2
Size = 62383
Delta = 0.279171
ObjValue = 675932834.958900

Iter = 3
Size = 62383
Delta = 0.296525
ObjValue = 675932834.958900

B_AB = {{1.000000 0.477149 }{0.723616 0.741523 }}
B_AC = {{0.861384 0.605857 }{0.500000 0.996944 }}
B_BA = {{1.000000 0.723616 }{0.477149 0.741523 }}
B_BC = {{1.000000 0.779069 }{0.494590 0.870401 }}
B_CA = {{0.861384 0.500000 }{0.605857 0.996944 }}
B_CB = {{1.000000 0.494590 }{0.779069 0.870401 }}
1.150103sec per iteration
Old accuracy = 83176/104182

Processed in 7.051100sec (1.704560sec for IO)
Done.
