----------Computing----------
Iter = 0
Size = 8056
Delta = 0.000000
ObjValue = 3942104.444444

Iter = 1
Size = 8056
Delta = 0.000000
ObjValue = 13337.012147

Iter = 2
Size = 8056
Delta = 0.000000
ObjValue = 13337.012147

B_AB = {{0.005434 0.000000 0.000000 }{0.000000 0.005434 0.000000 }{0.000000 0.000000 0.005434 }}
B_AC = {{0.008919 0.000000 0.000000 }{0.000000 0.008919 0.000000 }{0.000000 0.000000 0.008919 }}
B_BA = {{0.005434 0.000000 0.000000 }{0.000000 0.005434 0.000000 }{0.000000 0.000000 0.005434 }}
B_BC = {{0.003268 0.000000 0.000000 }{0.000000 0.003268 0.000000 }{0.000000 0.000000 0.003268 }}
B_CA = {{0.008928 0.000000 0.000000 }{0.000000 0.008928 0.000000 }{0.000000 0.000000 0.008928 }}
B_CB = {{0.003268 0.000000 0.000000 }{0.000000 0.003268 0.000000 }{0.000000 0.000000 0.003268 }}
0.009615sec per iteration
Old accuracy = 1632/4896

---------Increasing----------
Iter = 0
Size = 18794
Delta = 0.000000
ObjValue = 276767.464798

Iter = 1
Size = 18794
Delta = 0.685847
ObjValue = 58559353417482.445312

Iter = 2
Size = 18794
Delta = 0.048454
ObjValue = 58559353417482.445312

B_AB = {{0.000025 0.000000 0.000000 }{0.000000 0.000025 0.000000 }{0.000000 0.000000 0.000025 }}
B_AC = {{0.000040 0.000000 0.000000 }{0.000000 0.000056 0.000000 }{0.000000 0.000000 0.000040 }}
B_BA = {{0.000027 0.000000 0.000000 }{0.000000 0.000027 0.000000 }{0.000000 0.000000 0.000027 }}
B_BC = {{0.000015 0.000000 0.000000 }{0.000000 0.000020 0.000000 }{0.000000 0.000000 0.000015 }}
B_CA = {{0.000000 0.000000 0.000000 }{0.000000 20.058647 0.000000 }{0.000000 0.000000 0.518155 }}
B_CB = {{0.000000 0.000000 0.000000 }{0.000000 5.859724 0.000000 }{0.000000 0.000000 0.240939 }}
0.066169sec per iteration
Global accuracy = 10729/21654
Incremental accuracy = 9097/16758

Processed in 2.013521sec (1.555800sec for IO)
Done.
