----------Computing----------
Iter = 0
Size = 26850
Delta = 0.000000
ObjValue = 1720.785640

Iter = 1
Size = 26850
Delta = 0.078305
ObjValue = 1751.316836

Iter = 2
Size = 26850
Delta = 0.085387
ObjValue = 47022857.053523

B_AB = {{1.000000 0.000000 0.000000 }{0.000000 1.000000 0.000000 }{0.000000 0.000000 1.000000 }}
B_AC = {{1.000000 0.000000 0.000000 }{0.000000 1.000000 0.000000 }{0.000000 0.000000 1.000000 }}
B_BA = {{1.000000 0.000000 0.000000 }{0.000000 1.000000 0.000000 }{0.000000 0.000000 1.000000 }}
B_BC = {{1.000000 0.000000 0.000000 }{0.000000 1.000000 0.000000 }{0.000000 0.000000 1.000000 }}
B_CA = {{1.000000 0.000000 0.000000 }{0.000000 1.000000 0.000000 }{0.000000 0.000000 1.000000 }}
B_CB = {{1.000000 0.000000 0.000000 }{0.000000 1.000000 0.000000 }{0.000000 0.000000 1.000000 }}
0.052809sec per iteration
Old accuracy = 8330/21654

Processed in 1.692753sec (1.578471sec for IO)
Done.
