----------Computing----------
Iter = 0
Size = 62383
Delta = 0.000000
ObjValue = 8167.847229

Iter = 1
Size = 62383
Delta = 0.987183
ObjValue = 0.447126

Iter = 2
Size = 62383
Delta = 0.013040
ObjValue = 0.449692

Iter = 3
Size = 62383
Delta = 0.012118
ObjValue = 28053.131425

B_AB = {{1.000000 0.000000 }{0.000000 1.000000 }}
B_AC = {{1.000000 0.000000 }{0.000000 1.000000 }}
B_BA = {{1.000000 0.000000 }{0.000000 1.000000 }}
B_BC = {{1.000000 0.000000 }{0.000000 1.000000 }}
B_CA = {{1.000000 0.000000 }{0.000000 1.000000 }}
B_CB = {{1.000000 0.000000 }{0.000000 1.000000 }}
0.262973sec per iteration
Old accuracy = 32780/104182

Processed in 6.331216sec (5.517599sec for IO)
Done.
