----------Computing----------
Iter = 0
Size = 62383
Delta = 0.000000
ObjValue = 8167.847229

Iter = 1
Size = 62383
Delta = 0.127387
ObjValue = 8365.478230

Iter = 2
Size = 62383
Delta = 0.101017
ObjValue = 521863628.402377

B_AB = {{1.000000 0.000000 }{0.000000 1.000000 }}
B_AC = {{1.000000 0.000000 }{0.000000 1.000000 }}
B_BA = {{1.000000 0.000000 }{0.000000 1.000000 }}
B_BC = {{1.000000 0.000000 }{0.000000 1.000000 }}
B_CA = {{1.000000 0.000000 }{0.000000 1.000000 }}
B_CB = {{1.000000 0.000000 }{0.000000 1.000000 }}
0.260264sec per iteration
Old accuracy = 76628/104182

Processed in 6.108555sec (5.560969sec for IO)
Done.
