----------Computing----------
Iter = 0
Size = 23025
Delta = 0.000000
ObjValue = 3070.249940

Iter = 1
Size = 23025
Delta = 0.112178
ObjValue = 3089.207763

Iter = 2
Size = 23025
Delta = 0.090232
ObjValue = 71129008.733236

B_AB = {{1.000000 0.000000 }{0.000000 1.000000 }}
B_AC = {{1.000000 0.000000 }{0.000000 1.000000 }}
B_BA = {{1.000000 0.000000 }{0.000000 1.000000 }}
B_BC = {{1.000000 0.000000 }{0.000000 1.000000 }}
B_CA = {{1.000000 0.000000 }{0.000000 1.000000 }}
B_CB = {{1.000000 0.000000 }{0.000000 1.000000 }}
0.063165sec per iteration
Old accuracy = 24790/31554

Processed in 1.835601sec (1.700802sec for IO)
Done.
