----------Computing----------
Iter = 0
Size = 26850
Delta = 0.000000
ObjValue = 1720.785640

Iter = 1
Size = 26850
Delta = 0.986786
ObjValue = 12.546748

Iter = 2
Size = 26850
Delta = 0.005536
ObjValue = 13.160995

Iter = 3
Size = 26850
Delta = 0.008885
ObjValue = 353372.711353

B_AB = {{11.352541 1.963014 11.476872 }{12.486721 1.526388 12.415494 }{11.535948 1.959514 11.284220 }}
B_AC = {{2.094934 15.645866 2.287586 }{2.733053 19.127579 2.732535 }{2.286314 15.644812 2.092833 }}
B_BA = {{11.352541 12.486721 11.535948 }{1.963014 1.526388 1.959514 }{11.476872 12.415494 11.284220 }}
B_BC = {{0.000000 0.000000 0.000000 }{1.968134 7.869608 1.967761 }{0.000000 0.000000 0.000000 }}
B_CA = {{2.094915 2.733032 2.286296 }{15.645906 19.127530 15.644851 }{2.287567 2.732515 2.092814 }}
B_CB = {{0.000000 1.968134 0.000000 }{0.000000 7.869608 0.000000 }{0.000000 1.967761 0.000000 }}
0.074490sec per iteration
Old accuracy = 16714/21654

Processed in 1.812447sec (1.580454sec for IO)
Done.
