----------Computing----------
Iter = 0
Size = 24166
Delta = 0.000000
ObjValue = 46684228.603104

Iter = 1
Size = 24166
Delta = 0.080860
ObjValue = 47576229.540007

Iter = 2
Size = 24166
Delta = 0.079167
ObjValue = 47576229.540007

B_AB = {{1.000000 0.000000 0.000000 }{0.000000 1.000000 0.000000 }{0.000000 0.000000 1.000000 }}
B_AC = {{1.000000 0.000000 0.000000 }{0.000000 1.000000 0.000000 }{0.000000 0.000000 1.000000 }}
B_BA = {{1.000000 0.000000 0.000000 }{0.000000 1.000000 0.000000 }{0.000000 0.000000 1.000000 }}
B_BC = {{1.000000 0.000000 0.000000 }{0.000000 1.000000 0.000000 }{0.000000 0.000000 1.000000 }}
B_CA = {{1.000000 0.000000 0.000000 }{0.000000 1.000000 0.000000 }{0.000000 0.000000 1.000000 }}
B_CB = {{1.000000 0.000000 0.000000 }{0.000000 1.000000 0.000000 }{0.000000 0.000000 1.000000 }}
0.050928sec per iteration
Old accuracy = 11577/19398

---------Increasing----------
2684
Iter = 0
Size = 2684
Delta = 0.000000
ObjValue = 26274.061861

Iter = 1
Size = 2684
Delta = 0.098175
ObjValue = 468095.172972

Iter = 2
Size = 2684
Delta = 0.014117
ObjValue = 468095.172972

B_AB = {{1.000000 0.000000 0.000000 }{0.000000 1.000000 0.000000 }{0.000000 0.000000 1.000000 }}
B_AC = {{1.000000 0.000000 0.000000 }{0.000000 1.000000 0.000000 }{0.000000 0.000000 1.000000 }}
B_BA = {{1.000000 0.000000 0.000000 }{0.000000 1.000000 0.000000 }{0.000000 0.000000 1.000000 }}
B_BC = {{1.000000 0.000000 0.000000 }{0.000000 1.000000 0.000000 }{0.000000 0.000000 1.000000 }}
B_CA = {{1.000000 0.000000 0.000000 }{0.000000 1.000000 0.000000 }{0.000000 0.000000 1.000000 }}
B_CB = {{1.000000 0.000000 0.000000 }{0.000000 1.000000 0.000000 }{0.000000 0.000000 1.000000 }}
0.015997sec per iteration
Global accuracy = 13235/21654
Incremental accuracy = 1658/2256

Processed in 1.993288sec (1.629324sec for IO)
Done.
