----------Computing----------
Iter = 0
Size = 20723
Delta = 0.000000
ObjValue = 59358707.676725

Iter = 1
Size = 20723
Delta = 0.083234
ObjValue = 60952173.975701

Iter = 2
Size = 20723
Delta = 0.081395
ObjValue = 60952173.975701

B_AB = {{1.000000 0.000000 }{0.000000 1.000000 }}
B_AC = {{1.000000 0.000000 }{0.000000 1.000000 }}
B_BA = {{1.000000 0.000000 }{0.000000 1.000000 }}
B_BC = {{1.000000 0.000000 }{0.000000 1.000000 }}
B_CA = {{1.000000 0.000000 }{0.000000 1.000000 }}
B_CB = {{1.000000 0.000000 }{0.000000 1.000000 }}
0.059853sec per iteration
Old accuracy = 23210/28356

---------Increasing----------
2302
Iter = 0
Size = 2302
Delta = 0.000000
ObjValue = 1678.365925

Iter = 1
Size = 2302
Delta = 0.095852
ObjValue = 700440.710165

Iter = 2
Size = 2302
Delta = 0.009682
ObjValue = 700440.710165

B_AB = {{1.000000 0.000000 }{0.000000 1.000000 }}
B_AC = {{1.000000 0.000000 }{0.000000 1.000000 }}
B_BA = {{1.000000 0.000000 }{0.000000 1.000000 }}
B_BC = {{1.000000 0.000000 }{0.000000 1.000000 }}
B_CA = {{1.000000 0.000000 }{0.000000 1.000000 }}
B_CB = {{1.000000 0.000000 }{0.000000 1.000000 }}
0.022835sec per iteration
Global accuracy = 25808/31554
Incremental accuracy = 2598/3198

Processed in 2.857392sec (2.327109sec for IO)
Done.
