----------Computing----------
Iter = 0
Size = 23025
Delta = 0.000000
ObjValue = 178888.788919

Iter = 1
Size = 23025
Delta = 0.977151
ObjValue = 47001116.230745

Iter = 2
Size = 23025
Delta = 0.508201
ObjValue = 47001116.230745

B_AB = {{0.561309 0.301489 }{0.480383 1.000000 }}
B_AC = {{1.000000 0.427011 }{0.597817 0.969808 }}
B_BA = {{0.561309 0.480383 }{0.301489 1.000000 }}
B_BC = {{1.000000 0.321390 }{0.381881 0.652230 }}
B_CA = {{1.000000 0.597817 }{0.427011 0.969808 }}
B_CB = {{1.000000 0.381881 }{0.321390 0.652230 }}
0.247205sec per iteration
Old accuracy = 28508/31554

Processed in 0.934822sec (0.435477sec for IO)
Done.
