----------Computing----------
Iter = 0
Size = 36813
Delta = 0.000000
ObjValue = 4064.739369

Iter = 1
Size = 36813
Delta = 0.515106
ObjValue = 3567.099260

Iter = 2
Size = 36813
Delta = 0.044007
ObjValue = 81626.646811

Iter = 3
Size = 36813
Delta = 0.030201
ObjValue = 81626.646811

B_AB = {{1.000000 0.958704 0.940807 0.945592 0.967089 0.931645 0.979279 0.938872 0.901753 0.904309 0.940730 0.938872 0.940730 0.940730 0.940730 0.940730 0.938872 0.940730 0.940730 }{0.750547 0.788358 0.750692 0.749448 0.778416 0.749642 0.777809 0.759100 0.726970 0.726974 0.762099 0.759100 0.762099 0.762099 0.762099 0.762099 0.759100 0.762099 0.762099 }{0.712459 0.729258 0.769111 0.730515 0.769941 0.739322 0.757389 0.753919 0.719072 0.716886 0.758113 0.753919 0.758113 0.758113 0.758113 0.758113 0.753919 0.758113 0.758113 }{0.691507 0.701767 0.703160 0.733346 0.732547 0.704799 0.725603 0.715703 0.684401 0.683490 0.719198 0.715703 0.719198 0.719198 0.719198 0.719198 0.715703 0.719198 0.719198 }{0.655346 0.679310 0.692402 0.684109 0.761940 0.699481 0.709329 0.716033 0.681702 0.678239 0.721015 0.716033 0.721015 0.721015 0.721015 0.721015 0.716033 0.721015 0.721015 }{0.672709 0.693646 0.703878 0.697042 0.738648 0.742154 0.722538 0.724807 0.690479 0.687674 0.729384 0.724807 0.729384 0.729384 0.729384 0.729384 0.724807 0.729384 0.729384 }{0.874191 0.885083 0.885422 0.883340 0.920333 0.883698 0.947452 0.898672 0.858535 0.857657 0.902359 0.898672 0.902359 0.902359 0.902359 0.902359 0.898672 0.902359 0.902359 }{0.590050 0.618704 0.634784 0.624450 0.671025 0.643749 0.647043 0.693539 0.628210 0.624035 0.665698 0.660420 0.665698 0.665698 0.665698 0.665698 0.660420 0.665698 0.665698 }{0.570681 0.595393 0.607442 0.598216 0.640339 0.614523 0.620173 0.629173 0.632254 0.595627 0.633850 0.629173 0.633850 0.633850 0.633850 0.633850 0.629173 0.633850 0.633850 }{0.586039 0.606167 0.616308 0.609062 0.648021 0.622635 0.632011 0.636357 0.606403 0.636644 0.640736 0.636357 0.640736 0.640736 0.640736 0.640736 0.636357 0.640736 0.640736 }{0.553940 0.583571 0.600535 0.589602 0.636194 0.610347 0.611267 0.626808 0.595918 0.591527 0.665267 0.626808 0.632148 0.632148 0.632148 0.632148 0.626808 0.632148 0.632148 }{0.590050 0.618704 0.634784 0.624450 0.671025 0.643749 0.647043 0.660420 0.628210 0.624035 0.665698 0.693539 0.665698 0.665698 0.665698 0.665698 0.660420 0.665698 0.665698 }{0.553940 0.583571 0.600535 0.589602 0.636194 0.610347 0.611267 0.626808 0.595918 0.591527 0.632148 0.626808 0.665267 0.632148 0.632148 0.632148 0.626808 0.632148 0.632148 }{0.553940 0.583571 0.600535 0.589602 0.636194 0.610347 0.611267 0.626808 0.595918 0.591527 0.632148 0.626808 0.632148 0.665267 0.632148 0.632148 0.626808 0.632148 0.632148 }{0.553940 0.583571 0.600535 0.589602 0.636194 0.610347 0.611267 0.626808 0.595918 0.591527 0.632148 0.626808 0.632148 0.632148 0.665267 0.632148 0.626808 0.632148 0.632148 }{0.553940 0.583571 0.600535 0.589602 0.636194 0.610347 0.611267 0.626808 0.595918 0.591527 0.632148 0.626808 0.632148 0.632148 0.632148 0.665267 0.626808 0.632148 0.632148 }{0.590050 0.618704 0.634784 0.624450 0.671025 0.643749 0.647043 0.660420 0.628210 0.624035 0.665698 0.660420 0.665698 0.665698 0.665698 0.665698 0.693539 0.665698 0.665698 }{0.553940 0.583571 0.600535 0.589602 0.636194 0.610347 0.611267 0.626808 0.595918 0.591527 0.632148 0.626808 0.632148 0.632148 0.632148 0.632148 0.626808 0.665267 0.632148 }{0.553940 0.583571 0.600535 0.589602 0.636194 0.610347 0.611267 0.626808 0.595918 0.591527 0.632148 0.626808 0.632148 0.632148 0.632148 0.632148 0.626808 0.632148 0.665267 }}
B_AC = {{0.998139 0.945005 0.975180 0.954273 0.981486 0.970719 0.980681 0.980728 0.963140 0.952555 0.977750 0.980728 0.977750 0.977750 0.977750 0.977750 0.980728 0.977750 0.977750 }{0.766449 0.903056 0.836439 0.783815 0.825374 0.808928 0.799089 0.811492 0.816723 0.816825 0.813689 0.811492 0.813689 0.813689 0.813689 0.813689 0.811492 0.813689 0.813689 }{0.687563 0.758426 0.876899 0.758156 0.802519 0.786106 0.772356 0.782167 0.789877 0.783773 0.784080 0.782167 0.784080 0.784080 0.784080 0.784080 0.782167 0.784080 0.784080 }{0.730782 0.744744 0.793793 0.864523 0.791305 0.776467 0.770518 0.782898 0.779266 0.778716 0.783390 0.782898 0.783390 0.783390 0.783390 0.783390 0.782898 0.783390 0.783390 }{0.638714 0.684240 0.724573 0.689211 0.792214 0.714969 0.699306 0.710849 0.704666 0.702327 0.711402 0.710849 0.711402 0.711402 0.711402 0.711402 0.710849 0.711402 0.711402 }{0.668226 0.707830 0.754514 0.715747 0.759545 0.829509 0.751001 0.748105 0.745790 0.741902 0.750334 0.748105 0.750334 0.750334 0.750334 0.750334 0.748105 0.750334 0.750334 }{0.793003 0.834557 0.910165 0.854265 0.914852 0.917623 1.000000 0.908729 0.899361 0.885421 0.907886 0.908729 0.907886 0.907886 0.907886 0.907886 0.908729 0.907886 0.907886 }{0.618058 0.643319 0.667932 0.652148 0.674471 0.669567 0.657741 0.743809 0.677159 0.672486 0.680694 0.683662 0.680694 0.680694 0.680694 0.680694 0.683662 0.680694 0.680694 }{0.622804 0.667308 0.695989 0.666712 0.685740 0.686081 0.672708 0.693235 0.768893 0.703738 0.695685 0.693235 0.695685 0.695685 0.695685 0.695685 0.693235 0.695685 0.695685 }{0.632984 0.681355 0.704291 0.679496 0.694725 0.694344 0.678752 0.697557 0.712571 0.779922 0.699892 0.697557 0.699892 0.699892 0.699892 0.699892 0.697557 0.699892 0.699892 }{0.599684 0.627018 0.646468 0.632972 0.650991 0.648599 0.633804 0.656263 0.656183 0.652814 0.717966 0.656263 0.657818 0.657818 0.657818 0.657818 0.656263 0.657818 0.657818 }{0.618058 0.643319 0.667932 0.652148 0.674471 0.669567 0.657741 0.683662 0.677159 0.672486 0.680694 0.743809 0.680694 0.680694 0.680694 0.680694 0.683662 0.680694 0.680694 }{0.599684 0.627018 0.646468 0.632972 0.650991 0.648599 0.633804 0.656263 0.656183 0.652814 0.657818 0.656263 0.717966 0.657818 0.657818 0.657818 0.656263 0.657818 0.657818 }{0.599684 0.627018 0.646468 0.632972 0.650991 0.648599 0.633804 0.656263 0.656183 0.652814 0.657818 0.656263 0.657818 0.717966 0.657818 0.657818 0.656263 0.657818 0.657818 }{0.599684 0.627018 0.646468 0.632972 0.650991 0.648599 0.633804 0.656263 0.656183 0.652814 0.657818 0.656263 0.657818 0.657818 0.717966 0.657818 0.656263 0.657818 0.657818 }{0.599684 0.627018 0.646468 0.632972 0.650991 0.648599 0.633804 0.656263 0.656183 0.652814 0.657818 0.656263 0.657818 0.657818 0.657818 0.717966 0.656263 0.657818 0.657818 }{0.618058 0.643319 0.667932 0.652148 0.674471 0.669567 0.657741 0.683662 0.677159 0.672486 0.680694 0.683662 0.680694 0.680694 0.680694 0.680694 0.743809 0.680694 0.680694 }{0.599684 0.627018 0.646468 0.632972 0.650991 0.648599 0.633804 0.656263 0.656183 0.652814 0.657818 0.656263 0.657818 0.657818 0.657818 0.657818 0.656263 0.717966 0.657818 }{0.599684 0.627018 0.646468 0.632972 0.650991 0.648599 0.633804 0.656263 0.656183 0.652814 0.657818 0.656263 0.657818 0.657818 0.657818 0.657818 0.656263 0.657818 0.717966 }}
B_BA = {{1.000000 0.750547 0.712459 0.691507 0.655346 0.672709 0.874191 0.590050 0.570681 0.586039 0.553940 0.590050 0.553940 0.553940 0.553940 0.553940 0.590050 0.553940 0.553940 }{0.958704 0.788358 0.729258 0.701767 0.679310 0.693646 0.885083 0.618704 0.595393 0.606167 0.583571 0.618704 0.583571 0.583571 0.583571 0.583571 0.618704 0.583571 0.583571 }{0.940807 0.750692 0.769111 0.703160 0.692402 0.703878 0.885422 0.634784 0.607442 0.616308 0.600535 0.634784 0.600535 0.600535 0.600535 0.600535 0.634784 0.600535 0.600535 }{0.945592 0.749448 0.730515 0.733346 0.684109 0.697042 0.883340 0.624450 0.598216 0.609062 0.589602 0.624450 0.589602 0.589602 0.589602 0.589602 0.624450 0.589602 0.589602 }{0.967089 0.778416 0.769941 0.732547 0.761940 0.738648 0.920333 0.671025 0.640339 0.648021 0.636194 0.671025 0.636194 0.636194 0.636194 0.636194 0.671025 0.636194 0.636194 }{0.931645 0.749642 0.739322 0.704799 0.699481 0.742154 0.883698 0.643749 0.614523 0.622635 0.610347 0.643749 0.610347 0.610347 0.610347 0.610347 0.643749 0.610347 0.610347 }{0.979279 0.777809 0.757389 0.725603 0.709329 0.722538 0.947452 0.647043 0.620173 0.632011 0.611267 0.647043 0.611267 0.611267 0.611267 0.611267 0.647043 0.611267 0.611267 }{0.938872 0.759100 0.753919 0.715703 0.716033 0.724807 0.898672 0.693539 0.629173 0.636357 0.626808 0.660420 0.626808 0.626808 0.626808 0.626808 0.660420 0.626808 0.626808 }{0.901753 0.726970 0.719072 0.684401 0.681702 0.690479 0.858535 0.628210 0.632254 0.606403 0.595918 0.628210 0.595918 0.595918 0.595918 0.595918 0.628210 0.595918 0.595918 }{0.904309 0.726974 0.716886 0.683490 0.678239 0.687674 0.857657 0.624035 0.595627 0.636644 0.591527 0.624035 0.591527 0.591527 0.591527 0.591527 0.624035 0.591527 0.591527 }{0.940730 0.762099 0.758113 0.719198 0.721015 0.729384 0.902359 0.665698 0.633850 0.640736 0.665267 0.665698 0.632148 0.632148 0.632148 0.632148 0.665698 0.632148 0.632148 }{0.938872 0.759100 0.753919 0.715703 0.716033 0.724807 0.898672 0.660420 0.629173 0.636357 0.626808 0.693539 0.626808 0.626808 0.626808 0.626808 0.660420 0.626808 0.626808 }{0.940730 0.762099 0.758113 0.719198 0.721015 0.729384 0.902359 0.665698 0.633850 0.640736 0.632148 0.665698 0.665267 0.632148 0.632148 0.632148 0.665698 0.632148 0.632148 }{0.940730 0.762099 0.758113 0.719198 0.721015 0.729384 0.902359 0.665698 0.633850 0.640736 0.632148 0.665698 0.632148 0.665267 0.632148 0.632148 0.665698 0.632148 0.632148 }{0.940730 0.762099 0.758113 0.719198 0.721015 0.729384 0.902359 0.665698 0.633850 0.640736 0.632148 0.665698 0.632148 0.632148 0.665267 0.632148 0.665698 0.632148 0.632148 }{0.940730 0.762099 0.758113 0.719198 0.721015 0.729384 0.902359 0.665698 0.633850 0.640736 0.632148 0.665698 0.632148 0.632148 0.632148 0.665267 0.665698 0.632148 0.632148 }{0.938872 0.759100 0.753919 0.715703 0.716033 0.724807 0.898672 0.660420 0.629173 0.636357 0.626808 0.660420 0.626808 0.626808 0.626808 0.626808 0.693539 0.626808 0.626808 }{0.940730 0.762099 0.758113 0.719198 0.721015 0.729384 0.902359 0.665698 0.633850 0.640736 0.632148 0.665698 0.632148 0.632148 0.632148 0.632148 0.665698 0.665267 0.632148 }{0.940730 0.762099 0.758113 0.719198 0.721015 0.729384 0.902359 0.665698 0.633850 0.640736 0.632148 0.665698 0.632148 0.632148 0.632148 0.632148 0.665698 0.632148 0.665267 }}
B_BC = {{1.000000 0.914198 0.794979 0.715002 0.699950 0.713563 0.856092 0.649005 0.697358 0.726729 0.637362 0.649005 0.637362 0.637362 0.637362 0.637362 0.649005 0.637362 0.637362 }{0.884020 0.940767 0.774347 0.660390 0.670567 0.668947 0.797016 0.617497 0.677501 0.705165 0.608547 0.617497 0.608547 0.608547 0.608547 0.608547 0.617497 0.608547 0.608547 }{0.833349 0.840340 0.788946 0.636282 0.645924 0.646909 0.770522 0.593560 0.654280 0.680211 0.583937 0.593560 0.583937 0.583937 0.583937 0.583937 0.593560 0.583937 0.583937 }{0.878233 0.861027 0.767391 0.728624 0.672248 0.673511 0.799327 0.621769 0.676120 0.705868 0.611766 0.621769 0.611766 0.611766 0.611766 0.611766 0.621769 0.611766 0.611766 }{0.798155 0.810349 0.721810 0.613216 0.678761 0.632327 0.741783 0.583422 0.632469 0.656226 0.575127 0.583422 0.575127 0.575127 0.575127 0.575127 0.583422 0.575127 0.575127 }{0.817715 0.798984 0.713221 0.615590 0.629547 0.691378 0.766805 0.581542 0.630731 0.655636 0.573361 0.581542 0.573361 0.573361 0.573361 0.573361 0.581542 0.573361 0.573361 }{0.851998 0.825307 0.739161 0.642736 0.653543 0.673463 0.851657 0.603770 0.651671 0.675948 0.594770 0.603770 0.594770 0.594770 0.594770 0.594770 0.603770 0.594770 0.594770 }{0.797307 0.797371 0.700963 0.597490 0.613875 0.615504 0.731174 0.613098 0.622061 0.645877 0.561525 0.571682 0.561525 0.561525 0.561525 0.561525 0.571682 0.561525 0.561525 }{0.810217 0.810363 0.709210 0.604900 0.607722 0.613722 0.735513 0.565763 0.673264 0.657540 0.556535 0.565763 0.556535 0.556535 0.556535 0.556535 0.565763 0.556535 0.556535 }{0.813644 0.813441 0.717087 0.615650 0.617351 0.624119 0.744770 0.573761 0.637875 0.709391 0.563982 0.573761 0.563982 0.563982 0.563982 0.563982 0.573761 0.563982 0.563982 }{0.790682 0.792041 0.695070 0.592715 0.608343 0.611060 0.724139 0.565611 0.617804 0.640979 0.599035 0.565611 0.557620 0.557620 0.557620 0.557620 0.565611 0.557620 0.557620 }{0.797307 0.797371 0.700963 0.597490 0.613875 0.615504 0.731174 0.571682 0.622061 0.645877 0.561525 0.613098 0.561525 0.561525 0.561525 0.561525 0.571682 0.561525 0.561525 }{0.790682 0.792041 0.695070 0.592715 0.608343 0.611060 0.724139 0.565611 0.617804 0.640979 0.557620 0.565611 0.599035 0.557620 0.557620 0.557620 0.565611 0.557620 0.557620 }{0.790682 0.792041 0.695070 0.592715 0.608343 0.611060 0.724139 0.565611 0.617804 0.640979 0.557620 0.565611 0.557620 0.599035 0.557620 0.557620 0.565611 0.557620 0.557620 }{0.790682 0.792041 0.695070 0.592715 0.608343 0.611060 0.724139 0.565611 0.617804 0.640979 0.557620 0.565611 0.557620 0.557620 0.599035 0.557620 0.565611 0.557620 0.557620 }{0.790682 0.792041 0.695070 0.592715 0.608343 0.611060 0.724139 0.565611 0.617804 0.640979 0.557620 0.565611 0.557620 0.557620 0.557620 0.599035 0.565611 0.557620 0.557620 }{0.797307 0.797371 0.700963 0.597490 0.613875 0.615504 0.731174 0.571682 0.622061 0.645877 0.561525 0.571682 0.561525 0.561525 0.561525 0.561525 0.613098 0.561525 0.561525 }{0.790682 0.792041 0.695070 0.592715 0.608343 0.611060 0.724139 0.565611 0.617804 0.640979 0.557620 0.565611 0.557620 0.557620 0.557620 0.557620 0.565611 0.599035 0.557620 }{0.790682 0.792041 0.695070 0.592715 0.608343 0.611060 0.724139 0.565611 0.617804 0.640979 0.557620 0.565611 0.557620 0.557620 0.557620 0.557620 0.565611 0.557620 0.599035 }}
B_CA = {{0.998119 0.766422 0.687540 0.730755 0.638692 0.668219 0.792987 0.618038 0.622783 0.632963 0.599664 0.618038 0.599664 0.599664 0.599664 0.599664 0.618038 0.599664 0.599664 }{0.944988 0.903027 0.758401 0.744717 0.684218 0.707827 0.834544 0.643298 0.667287 0.681333 0.626998 0.643298 0.626998 0.626998 0.626998 0.626998 0.643298 0.626998 0.626998 }{0.975172 0.836412 0.876874 0.793765 0.724552 0.754521 0.910158 0.667915 0.695971 0.704272 0.646451 0.667915 0.646451 0.646451 0.646451 0.646451 0.667915 0.646451 0.646451 }{0.954265 0.783792 0.758134 0.864494 0.689193 0.715756 0.854261 0.652131 0.666696 0.679478 0.632955 0.652131 0.632955 0.632955 0.632955 0.632955 0.652131 0.632955 0.632955 }{0.981486 0.825351 0.802498 0.791279 0.792197 0.759565 0.914855 0.674456 0.685726 0.694710 0.650977 0.674456 0.650977 0.650977 0.650977 0.650977 0.674456 0.650977 0.650977 }{0.970716 0.808904 0.786085 0.776440 0.714952 0.829522 0.917622 0.669552 0.686066 0.694327 0.648584 0.669552 0.648584 0.648584 0.648584 0.648584 0.669552 0.648584 0.648584 }{0.980681 0.799067 0.772336 0.770493 0.699289 0.751018 1.000000 0.657727 0.672695 0.678737 0.633790 0.657727 0.633790 0.633790 0.633790 0.633790 0.657727 0.633790 0.633790 }{0.980734 0.811471 0.782149 0.782873 0.710835 0.748132 0.908738 0.743796 0.693223 0.697544 0.656251 0.683650 0.656251 0.656251 0.656251 0.656251 0.683650 0.656251 0.656251 }{0.963141 0.816700 0.789857 0.779240 0.704651 0.745811 0.899365 0.677145 0.768878 0.712555 0.656170 0.677145 0.656170 0.656170 0.656170 0.656170 0.677145 0.656170 0.656170 }{0.952563 0.816804 0.783756 0.778691 0.702313 0.741929 0.885431 0.672474 0.703727 0.779908 0.652803 0.672474 0.652803 0.652803 0.652803 0.652803 0.672474 0.652803 0.652803 }{0.977757 0.813668 0.784063 0.783365 0.711388 0.750363 0.907896 0.680683 0.695674 0.699879 0.717954 0.680683 0.657808 0.657808 0.657808 0.657808 0.680683 0.657808 0.657808 }{0.980734 0.811471 0.782149 0.782873 0.710835 0.748132 0.908738 0.683650 0.693223 0.697544 0.656251 0.743796 0.656251 0.656251 0.656251 0.656251 0.683650 0.656251 0.656251 }{0.977757 0.813668 0.784063 0.783365 0.711388 0.750363 0.907896 0.680683 0.695674 0.699879 0.657808 0.680683 0.717954 0.657808 0.657808 0.657808 0.680683 0.657808 0.657808 }{0.977757 0.813668 0.784063 0.783365 0.711388 0.750363 0.907896 0.680683 0.695674 0.699879 0.657808 0.680683 0.657808 0.717954 0.657808 0.657808 0.680683 0.657808 0.657808 }{0.977757 0.813668 0.784063 0.783365 0.711388 0.750363 0.907896 0.680683 0.695674 0.699879 0.657808 0.680683 0.657808 0.657808 0.717954 0.657808 0.680683 0.657808 0.657808 }{0.977757 0.813668 0.784063 0.783365 0.711388 0.750363 0.907896 0.680683 0.695674 0.699879 0.657808 0.680683 0.657808 0.657808 0.657808 0.717954 0.680683 0.657808 0.657808 }{0.980734 0.811471 0.782149 0.782873 0.710835 0.748132 0.908738 0.683650 0.693223 0.697544 0.656251 0.683650 0.656251 0.656251 0.656251 0.656251 0.743796 0.656251 0.656251 }{0.977757 0.813668 0.784063 0.783365 0.711388 0.750363 0.907896 0.680683 0.695674 0.699879 0.657808 0.680683 0.657808 0.657808 0.657808 0.657808 0.680683 0.717954 0.657808 }{0.977757 0.813668 0.784063 0.783365 0.711388 0.750363 0.907896 0.680683 0.695674 0.699879 0.657808 0.680683 0.657808 0.657808 0.657808 0.657808 0.680683 0.657808 0.717954 }}
B_CB = {{1.000000 0.884020 0.833349 0.878233 0.798155 0.817715 0.851998 0.797307 0.810217 0.813644 0.790682 0.797307 0.790682 0.790682 0.790682 0.790682 0.797307 0.790682 0.790682 }{0.914198 0.940767 0.840340 0.861027 0.810349 0.798984 0.825307 0.797371 0.810363 0.813441 0.792041 0.797371 0.792041 0.792041 0.792041 0.792041 0.797371 0.792041 0.792041 }{0.794979 0.774347 0.788946 0.767391 0.721810 0.713221 0.739161 0.700963 0.709210 0.717087 0.695070 0.700963 0.695070 0.695070 0.695070 0.695070 0.700963 0.695070 0.695070 }{0.715002 0.660390 0.636282 0.728624 0.613216 0.615590 0.642736 0.597490 0.604900 0.615650 0.592715 0.597490 0.592715 0.592715 0.592715 0.592715 0.597490 0.592715 0.592715 }{0.699950 0.670567 0.645924 0.672248 0.678761 0.629547 0.653543 0.613875 0.607722 0.617351 0.608343 0.613875 0.608343 0.608343 0.608343 0.608343 0.613875 0.608343 0.608343 }{0.713563 0.668947 0.646909 0.673511 0.632327 0.691378 0.673463 0.615504 0.613722 0.624119 0.611060 0.615504 0.611060 0.611060 0.611060 0.611060 0.615504 0.611060 0.611060 }{0.856092 0.797016 0.770522 0.799327 0.741783 0.766805 0.851657 0.731174 0.735513 0.744770 0.724139 0.731174 0.724139 0.724139 0.724139 0.724139 0.731174 0.724139 0.724139 }{0.649005 0.617497 0.593560 0.621769 0.583422 0.581542 0.603770 0.613098 0.565763 0.573761 0.565611 0.571682 0.565611 0.565611 0.565611 0.565611 0.571682 0.565611 0.565611 }{0.697358 0.677501 0.654280 0.676120 0.632469 0.630731 0.651671 0.622061 0.673264 0.637875 0.617804 0.622061 0.617804 0.617804 0.617804 0.617804 0.622061 0.617804 0.617804 }{0.726729 0.705165 0.680211 0.705868 0.656226 0.655636 0.675948 0.645877 0.657540 0.709391 0.640979 0.645877 0.640979 0.640979 0.640979 0.640979 0.645877 0.640979 0.640979 }{0.637362 0.608547 0.583937 0.611766 0.575127 0.573361 0.594770 0.561525 0.556535 0.563982 0.599035 0.561525 0.557620 0.557620 0.557620 0.557620 0.561525 0.557620 0.557620 }{0.649005 0.617497 0.593560 0.621769 0.583422 0.581542 0.603770 0.571682 0.565763 0.573761 0.565611 0.613098 0.565611 0.565611 0.565611 0.565611 0.571682 0.565611 0.565611 }{0.637362 0.608547 0.583937 0.611766 0.575127 0.573361 0.594770 0.561525 0.556535 0.563982 0.557620 0.561525 0.599035 0.557620 0.557620 0.557620 0.561525 0.557620 0.557620 }{0.637362 0.608547 0.583937 0.611766 0.575127 0.573361 0.594770 0.561525 0.556535 0.563982 0.557620 0.561525 0.557620 0.599035 0.557620 0.557620 0.561525 0.557620 0.557620 }{0.637362 0.608547 0.583937 0.611766 0.575127 0.573361 0.594770 0.561525 0.556535 0.563982 0.557620 0.561525 0.557620 0.557620 0.599035 0.557620 0.561525 0.557620 0.557620 }{0.637362 0.608547 0.583937 0.611766 0.575127 0.573361 0.594770 0.561525 0.556535 0.563982 0.557620 0.561525 0.557620 0.557620 0.557620 0.599035 0.561525 0.557620 0.557620 }{0.649005 0.617497 0.593560 0.621769 0.583422 0.581542 0.603770 0.571682 0.565763 0.573761 0.565611 0.571682 0.565611 0.565611 0.565611 0.565611 0.613098 0.565611 0.565611 }{0.637362 0.608547 0.583937 0.611766 0.575127 0.573361 0.594770 0.561525 0.556535 0.563982 0.557620 0.561525 0.557620 0.557620 0.557620 0.557620 0.561525 0.599035 0.557620 }{0.637362 0.608547 0.583937 0.611766 0.575127 0.573361 0.594770 0.561525 0.556535 0.563982 0.557620 0.561525 0.557620 0.557620 0.557620 0.557620 0.561525 0.557620 0.599035 }}
1.722420sec per iteration
Old accuracy = 2158/5947

Processed in 10.066290sec (4.456287sec for IO)
Done.
