----------Computing----------
Iter = 0
Size = 23025
Delta = 0.000000
ObjValue = 178888.788919

Iter = 1
Size = 23025
Delta = 0.992992
ObjValue = 46869149.023263

Iter = 2
Size = 23025
Delta = 0.677853
ObjValue = 46869149.023263

B_AB = {{0.562776 0.303108 }{0.476932 1.000000 }}
B_AC = {{1.000000 0.423879 }{0.588858 0.959595 }}
B_BA = {{0.562776 0.476932 }{0.303108 1.000000 }}
B_BC = {{1.000000 0.322079 }{0.380511 0.654355 }}
B_CA = {{1.000000 0.588858 }{0.423879 0.959595 }}
B_CB = {{1.000000 0.380511 }{0.322079 0.654355 }}
0.071234sec per iteration
Old accuracy = 23656/31554

Processed in 1.877705sec (1.731376sec for IO)
Done.
