----------Computing----------
Iter = 0
Size = 18796
Delta = 0.000000
ObjValue = 31028082.240066

Iter = 1
Size = 18796
Delta = 0.082244
ObjValue = 30902083.193617

Iter = 2
Size = 18796
Delta = 0.081398
ObjValue = 31002696.135654

Iter = 3
Size = 18796
Delta = 0.073781
ObjValue = 31002696.135654

B_AB = {{1.000000 0.000000 0.000000 }{0.000000 1.000000 0.000000 }{0.000000 0.000000 1.000000 }}
B_AC = {{1.000000 0.000000 0.000000 }{0.000000 1.000000 0.000000 }{0.000000 0.000000 1.000000 }}
B_BA = {{1.000000 0.000000 0.000000 }{0.000000 1.000000 0.000000 }{0.000000 0.000000 1.000000 }}
B_BC = {{1.000000 0.000000 0.000000 }{0.000000 1.000000 0.000000 }{0.000000 0.000000 1.000000 }}
B_CA = {{1.000000 0.000000 0.000000 }{0.000000 1.000000 0.000000 }{0.000000 0.000000 1.000000 }}
B_CB = {{1.000000 0.000000 0.000000 }{0.000000 1.000000 0.000000 }{0.000000 0.000000 1.000000 }}
0.028690sec per iteration
Old accuracy = 7518/13869

---------Recomputing---------
Iter = 0
Size = 18796
Delta = 0.000000
ObjValue = 31469933.968998

Iter = 1
Size = 18796
Delta = 0.047124
ObjValue = 32589531.110146

Iter = 2
Size = 18796
Delta = 0.036522
ObjValue = 32589531.110146

B_AB = {{1.000000 0.000000 0.000000 }{0.000000 1.000000 0.000000 }{0.000000 0.000000 1.000000 }}
B_AC = {{1.000000 0.000000 0.000000 }{0.000000 1.000000 0.000000 }{0.000000 0.000000 1.000000 }}
B_BA = {{1.000000 0.000000 0.000000 }{0.000000 1.000000 0.000000 }{0.000000 0.000000 1.000000 }}
B_BC = {{1.000000 0.000000 0.000000 }{0.000000 1.000000 0.000000 }{0.000000 0.000000 1.000000 }}
B_CA = {{1.000000 0.000000 0.000000 }{0.000000 1.000000 0.000000 }{0.000000 0.000000 1.000000 }}
B_CB = {{1.000000 0.000000 0.000000 }{0.000000 1.000000 0.000000 }{0.000000 0.000000 1.000000 }}
0.038198sec per iteration
Global accuracy = 11959/21654
Incremental accuracy = 5190/7785

Processed in 1.908819sec (1.533666sec for IO)
Done.
