----------Computing----------
Iter = 0
Size = 18715
Delta = 0.000000
ObjValue = 2924.190054

Iter = 1
Size = 18715
Delta = 0.085989
ObjValue = 4312.844369

Iter = 2
Size = 18715
Delta = 0.077864
ObjValue = 4312.844369

B_AB = {{1.068150 0.000000 }{0.000000 1.135770 }}
B_AC = {{1.166077 0.000000 }{0.000000 1.229083 }}
B_BA = {{1.068150 0.000000 }{0.000000 1.135770 }}
B_BC = {{1.166582 0.000000 }{0.000000 1.295609 }}
B_CA = {{1.166077 0.000000 }{0.000000 1.229083 }}
B_CB = {{1.166582 0.000000 }{0.000000 1.295609 }}
0.016135sec per iteration
Old accuracy = 21644/32318

---------Increasing----------
43668
Iter = 0
Size = 43668
Delta = 0.000000
ObjValue = 92846.373754

Iter = 1
Size = 43668
Delta = 0.662376
ObjValue = 226625.935258

Iter = 2
Size = 43668
Delta = 0.051137
ObjValue = 226625.935258

B_AB = {{1.305379 0.000000 }{0.000000 1.412694 }}
B_AC = {{1.327158 0.000000 }{0.000000 1.433343 }}
B_BA = {{1.263066 0.000000 }{0.000000 1.368603 }}
B_BC = {{1.419561 0.000000 }{0.000000 1.525394 }}
B_CA = {{1.347019 0.000000 }{0.000000 1.449188 }}
B_CB = {{1.352853 0.000000 }{0.000000 1.534056 }}
0.481215sec per iteration
Global accuracy = 57610/104182
Incremental accuracy = 35966/71864

Processed in 6.731912sec (5.198548sec for IO)
Done.
