----------Computing----------
Iter = 0
Size = 2303
Delta = 0.000000
ObjValue = 882703.156408

Iter = 1
Size = 2303
Delta = 0.045794
ObjValue = 897758.049694

Iter = 2
Size = 2303
Delta = 0.045306
ObjValue = 897758.049694

B_AB = {{1.000000 0.000000 }{0.000000 1.000000 }}
B_AC = {{1.000000 0.000000 }{0.000000 1.000000 }}
B_BA = {{1.000000 0.000000 }{0.000000 1.000000 }}
B_BC = {{1.000000 0.000000 }{0.000000 1.000000 }}
B_CA = {{1.000000 0.000000 }{0.000000 1.000000 }}
B_CB = {{1.000000 0.000000 }{0.000000 1.000000 }}
0.005856sec per iteration
Old accuracy = 2682/3238

---------Increasing----------
20722
Iter = 0
Size = 20722
Delta = 0.000000
ObjValue = 155114.800618

Iter = 1
Size = 20722
Delta = 0.866363
ObjValue = 57281242.544956

Iter = 2
Size = 20722
Delta = 0.051782
ObjValue = 57281242.544956

B_AB = {{1.000000 0.000000 }{0.000000 1.000000 }}
B_AC = {{1.000000 0.000000 }{0.000000 1.000000 }}
B_BA = {{1.000000 0.000000 }{0.000000 1.000000 }}
B_BC = {{1.000000 0.000000 }{0.000000 1.000000 }}
B_CA = {{1.000000 0.000000 }{0.000000 1.000000 }}
B_CB = {{1.000000 0.000000 }{0.000000 1.000000 }}
0.053091sec per iteration
Global accuracy = 20710/31554
Incremental accuracy = 18028/28316

Processed in 2.145185sec (1.862241sec for IO)
Done.
