----------Computing----------
Iter = 0
Size = 62383
Delta = 0.000000
ObjValue = 440030.804187

Iter = 1
Size = 62383
Delta = 0.072339
ObjValue = 597363.831620

Iter = 2
Size = 62383
Delta = 0.063849
ObjValue = 597363.831620

B_AB = {{1.120787 0.000000 }{0.000000 1.229005 }}
B_AC = {{1.184436 0.000000 }{0.000000 1.431103 }}
B_BA = {{1.120787 0.000000 }{0.000000 1.229005 }}
B_BC = {{1.181118 0.000000 }{0.000000 1.493658 }}
B_CA = {{1.184436 0.000000 }{0.000000 1.431103 }}
B_CB = {{1.181117 0.000000 }{0.000000 1.493812 }}
0.587812sec per iteration
Old accuracy = 95080/104182

Processed in 6.956569sec (5.200961sec for IO)
Done.
