----------Computing----------
Iter = 0
Size = 18420
Delta = 0.000000
ObjValue = 47020465.922514

Iter = 1
Size = 18420
Delta = 0.079475
ObjValue = 48322666.493767

Iter = 2
Size = 18420
Delta = 0.078795
ObjValue = 48322666.493767

B_AB = {{1.000000 0.000000 }{0.000000 1.000000 }}
B_AC = {{1.000000 0.000000 }{0.000000 1.000000 }}
B_BA = {{1.000000 0.000000 }{0.000000 1.000000 }}
B_BC = {{1.000000 0.000000 }{0.000000 1.000000 }}
B_CA = {{1.000000 0.000000 }{0.000000 1.000000 }}
B_CB = {{1.000000 0.000000 }{0.000000 1.000000 }}
0.043973sec per iteration
Old accuracy = 20538/24984

---------Increasing----------
4605
Iter = 0
Size = 4605
Delta = 0.000000
ObjValue = 9756.375390

Iter = 1
Size = 4605
Delta = 0.191227
ObjValue = 2738274.912315

Iter = 2
Size = 4605
Delta = 0.019002
ObjValue = 2738274.912315

B_AB = {{1.000000 0.000000 }{0.000000 1.000000 }}
B_AC = {{1.000000 0.000000 }{0.000000 1.000000 }}
B_BA = {{1.000000 0.000000 }{0.000000 1.000000 }}
B_BC = {{1.000000 0.000000 }{0.000000 1.000000 }}
B_CA = {{1.000000 0.000000 }{0.000000 1.000000 }}
B_CB = {{1.000000 0.000000 }{0.000000 1.000000 }}
0.032197sec per iteration
Global accuracy = 25774/31554
Incremental accuracy = 5236/6570

Processed in 2.524673sec (2.050907sec for IO)
Done.
