----------Computing----------
Iter = 0
Size = 56145
Delta = 0.000000
ObjValue = 342868.742336

Iter = 1
Size = 56145
Delta = 0.075132
ObjValue = 465010.952611

Iter = 2
Size = 56145
Delta = 0.066576
ObjValue = 465010.952611

B_AB = {{1.114915 0.000000 }{0.000000 1.244404 }}
B_AC = {{1.185789 0.000000 }{0.000000 1.421768 }}
B_BA = {{1.114915 0.000000 }{0.000000 1.244404 }}
B_BC = {{1.178842 0.000000 }{0.000000 1.480736 }}
B_CA = {{1.185789 0.000000 }{0.000000 1.421768 }}
B_CB = {{1.178841 0.000000 }{0.000000 1.480917 }}
0.496719sec per iteration
Old accuracy = 83476/93780

---------Increasing----------
6238
Iter = 0
Size = 6238
Delta = 0.000000
ObjValue = 25231.496694

Iter = 1
Size = 6238
Delta = 0.094882
ObjValue = 43176.146707

Iter = 2
Size = 6238
Delta = 0.010980
ObjValue = 43176.146707

B_AB = {{1.336343 0.000000 }{0.000000 1.476811 }}
B_AC = {{1.307267 0.000000 }{0.000000 1.574998 }}
B_BA = {{1.168360 0.000000 }{0.000000 1.256200 }}
B_BC = {{1.419511 0.000000 }{0.000000 1.677701 }}
B_CA = {{1.294261 0.000000 }{0.000000 1.627208 }}
B_CB = {{1.279124 0.000000 }{0.000000 1.720432 }}
0.109493sec per iteration
Global accuracy = 88592/104182
Incremental accuracy = 5116/10402

Processed in 7.367831sec (5.331497sec for IO)
Done.
