----------Computing----------
Iter = 0
Size = 23025
Delta = 0.000000
ObjValue = 178888.788919

Iter = 1
Size = 23025
Delta = 0.990436
ObjValue = 92342191.278805

Iter = 2
Size = 23025
Delta = 0.576618
ObjValue = 92342191.278805

B_AB = {{1.000000 0.000000 }{0.000000 1.000000 }}
B_AC = {{1.000000 0.000000 }{0.000000 1.000000 }}
B_BA = {{1.000000 0.000000 }{0.000000 1.000000 }}
B_BC = {{1.000000 0.000000 }{0.000000 1.000000 }}
B_CA = {{1.000000 0.000000 }{0.000000 1.000000 }}
B_CB = {{1.000000 0.000000 }{0.000000 1.000000 }}
0.062626sec per iteration
Old accuracy = 28112/31554

Processed in 1.916466sec (1.787372sec for IO)
Done.
