----------Computing----------
Iter = 0
Size = 23025
Delta = 0.000000
ObjValue = 74696.923961

Iter = 1
Size = 23025
Delta = 0.351058
ObjValue = 80011.505802

Iter = 2
Size = 23025
Delta = 0.132493
ObjValue = 80011.505802

B_AB = {{1.000000 0.203096 }{0.250910 0.835320 }}
B_AC = {{1.000000 0.586192 }{0.276517 0.995513 }}
B_BA = {{1.000000 0.250910 }{0.203096 0.835320 }}
B_BC = {{0.991339 0.571612 }{0.292260 1.000000 }}
B_CA = {{1.000000 0.276517 }{0.586192 0.995513 }}
B_CB = {{0.991340 0.292258 }{0.571637 1.000000 }}
0.206902sec per iteration
Old accuracy = 28528/31554

Processed in 2.161219sec (1.596263sec for IO)
Done.
