----------Computing----------
Iter = 0
Size = 26850
Delta = 0.000000
ObjValue = 46203094.444444

Iter = 1
Size = 26850
Delta = 0.157305
ObjValue = 49626004.038455

Iter = 2
Size = 26850
Delta = 0.110349
ObjValue = 49626004.038455

B_AB = {{1.000000 0.000000 0.000000 }{0.000000 1.000000 0.000000 }{0.000000 0.000000 1.000000 }}
B_AC = {{1.000000 0.000000 0.000000 }{0.000000 1.000000 0.000000 }{0.000000 0.000000 1.000000 }}
B_BA = {{1.000000 0.000000 0.000000 }{0.000000 1.000000 0.000000 }{0.000000 0.000000 1.000000 }}
B_BC = {{1.000000 0.000000 0.000000 }{0.000000 1.000000 0.000000 }{0.000000 0.000000 1.000000 }}
B_CA = {{1.000000 0.000000 0.000000 }{0.000000 1.000000 0.000000 }{0.000000 0.000000 1.000000 }}
B_CB = {{1.000000 0.000000 0.000000 }{0.000000 1.000000 0.000000 }{0.000000 0.000000 1.000000 }}
0.071334sec per iteration
Old accuracy = 16643/21654

Processed in 1.744909sec (1.598503sec for IO)
Done.
