----------Computing----------
Iter = 0
Size = 26850
Delta = 0.000000
ObjValue = 56199476.665763

Iter = 1
Size = 26850
Delta = 0.082367
ObjValue = 57790758.797772

Iter = 2
Size = 26850
Delta = 0.079564
ObjValue = 57790758.797772

B_AB = {{1.000000 0.000000 0.000000 }{0.000000 1.000000 0.000000 }{0.000000 0.000000 1.000000 }}
B_AC = {{1.000000 0.000000 0.000000 }{0.000000 1.000000 0.000000 }{0.000000 0.000000 1.000000 }}
B_BA = {{1.000000 0.000000 0.000000 }{0.000000 1.000000 0.000000 }{0.000000 0.000000 1.000000 }}
B_BC = {{1.000000 0.000000 0.000000 }{0.000000 1.000000 0.000000 }{0.000000 0.000000 1.000000 }}
B_CA = {{1.000000 0.000000 0.000000 }{0.000000 1.000000 0.000000 }{0.000000 0.000000 1.000000 }}
B_CB = {{1.000000 0.000000 0.000000 }{0.000000 1.000000 0.000000 }{0.000000 0.000000 1.000000 }}
0.058904sec per iteration
Old accuracy = 12882/21654

Processed in 1.905249sec (1.636303sec for IO)
Done.
