----------Computing----------
Iter = 0
Size = 26850
Delta = 0.000000
ObjValue = 56199476.665763

Iter = 1
Size = 26850
Delta = 0.119575
ObjValue = 62233291.990618

Iter = 2
Size = 26850
Delta = 0.120019
ObjValue = 62233291.990618

B_AB = {{1.000000 0.000000 0.000000 }{0.000000 1.000000 0.000000 }{0.000000 0.000000 1.000000 }}
B_AC = {{1.000000 0.000000 0.000000 }{0.000000 1.000000 0.000000 }{0.000000 0.000000 1.000000 }}
B_BA = {{1.000000 0.000000 0.000000 }{0.000000 1.000000 0.000000 }{0.000000 0.000000 1.000000 }}
B_BC = {{1.000000 0.000000 0.000000 }{0.000000 1.000000 0.000000 }{0.000000 0.000000 1.000000 }}
B_CA = {{1.000000 0.000000 0.000000 }{0.000000 1.000000 0.000000 }{0.000000 0.000000 1.000000 }}
B_CB = {{1.000000 0.000000 0.000000 }{0.000000 1.000000 0.000000 }{0.000000 0.000000 1.000000 }}
0.059109sec per iteration
Old accuracy = 16090/21654

Processed in 2.211650sec (1.921476sec for IO)
Done.
