----------Computing----------
Iter = 0
Size = 31192
Delta = 0.000000
ObjValue = 6657.975334

Iter = 1
Size = 31192
Delta = 0.082978
ObjValue = 10495.150200

Iter = 2
Size = 31192
Delta = 0.074829
ObjValue = 10495.150200

B_AB = {{1.112173 0.000000 }{0.000000 1.179978 }}
B_AC = {{1.225430 0.000000 }{0.000000 1.275922 }}
B_BA = {{1.112173 0.000000 }{0.000000 1.179978 }}
B_BC = {{1.192749 0.000000 }{0.000000 1.314328 }}
B_CA = {{1.225430 0.000000 }{0.000000 1.275922 }}
B_CB = {{1.192749 0.000000 }{0.000000 1.314328 }}
0.024800sec per iteration
Old accuracy = 34976/53342

---------Increasing----------
31191
Iter = 0
Size = 31191
Delta = 0.000000
ObjValue = 102868.648293

Iter = 1
Size = 31191
Delta = 0.461985
ObjValue = 235678.574477

Iter = 2
Size = 31191
Delta = 0.036298
ObjValue = 235678.574477

B_AB = {{1.308951 0.000000 }{0.000000 1.400594 }}
B_AC = {{1.321318 0.000000 }{0.000000 1.422284 }}
B_BA = {{1.232091 0.000000 }{0.000000 1.324577 }}
B_BC = {{1.415819 0.000000 }{0.000000 1.528299 }}
B_CA = {{1.359398 0.000000 }{0.000000 1.454277 }}
B_CB = {{1.365400 0.000000 }{0.000000 1.522777 }}
0.537751sec per iteration
Global accuracy = 61328/104182
Incremental accuracy = 26352/50840

Processed in 6.909402sec (5.225870sec for IO)
Done.
