----------Computing----------
Iter = 0
Size = 23025
Delta = 0.000000
ObjValue = 70692504.879680

Iter = 1
Size = 23025
Delta = 0.188491
ObjValue = 72004838.359786

Iter = 2
Size = 23025
Delta = 0.074305
ObjValue = 72004838.359786

B_AB = {{1.000000 0.000000 }{0.000000 1.000000 }}
B_AC = {{1.000000 0.000000 }{0.000000 1.000000 }}
B_BA = {{1.000000 0.000000 }{0.000000 1.000000 }}
B_BC = {{1.000000 0.000000 }{0.000000 1.000000 }}
B_CA = {{1.000000 0.000000 }{0.000000 1.000000 }}
B_CB = {{1.000000 0.000000 }{0.000000 1.000000 }}
0.099625sec per iteration
Old accuracy = 24899/31554

Processed in 2.092276sec (1.888138sec for IO)
Done.
