----------Computing----------
Iter = 0
Size = 56145
Delta = 0.000000
ObjValue = 342868.742336

Iter = 1
Size = 56145
Delta = 0.075132
ObjValue = 465010.952611

Iter = 2
Size = 56145
Delta = 0.066576
ObjValue = 465010.952611

B_AB = {{1.114915 0.000000 }{0.000000 1.244404 }}
B_AC = {{1.185789 0.000000 }{0.000000 1.421768 }}
B_BA = {{1.114915 0.000000 }{0.000000 1.244404 }}
B_BC = {{1.178842 0.000000 }{0.000000 1.480736 }}
B_CA = {{1.185789 0.000000 }{0.000000 1.421768 }}
B_CB = {{1.178841 0.000000 }{0.000000 1.480917 }}
0.463154sec per iteration
Old accuracy = 83476/93780

---------Recomputing---------
Iter = 0
Size = 56145
Delta = 0.000000
ObjValue = 568593.425023

Iter = 1
Size = 56145
Delta = 0.050963
ObjValue = 604131.284618

Iter = 2
Size = 56145
Delta = 0.041923
ObjValue = 604131.284618

B_AB = {{1.119494 0.000000 }{0.000000 1.217593 }}
B_AC = {{1.209120 0.000000 }{0.000000 1.446985 }}
B_BA = {{1.121031 0.000000 }{0.000000 1.232673 }}
B_BC = {{1.196530 0.000000 }{0.000000 1.490859 }}
B_CA = {{1.211979 0.000000 }{0.000000 1.447642 }}
B_CB = {{1.199594 0.000000 }{0.000000 1.491770 }}
0.519447sec per iteration
Global accuracy = 84451/104182
Incremental accuracy = 5201/10402

Processed in 8.151851sec (5.500438sec for IO)
Done.
