----------Computing----------
Iter = 0
Size = 26850
Delta = 0.000000
ObjValue = 14113.807043

Iter = 1
Size = 26850
Delta = 1.387739
ObjValue = 158006.183249

Iter = 2
Size = 26850
Delta = 0.283760
ObjValue = 158006.183249

B_AB = {{1.000000 0.248164 0.541867 }{0.516895 0.807699 0.492762 }{0.554570 0.243441 0.978516 }}
B_AC = {{1.000000 0.405576 0.481572 }{0.414445 0.962311 0.369662 }{0.526885 0.393581 0.939640 }}
B_BA = {{1.000000 0.516895 0.554570 }{0.248164 0.807699 0.243441 }{0.541867 0.492762 0.978516 }}
B_BC = {{1.000000 0.382737 0.501830 }{0.200854 0.774703 0.182216 }{0.535198 0.367309 0.941291 }}
B_CA = {{1.000000 0.414424 0.526888 }{0.405557 0.962288 0.393563 }{0.481575 0.369643 0.939642 }}
B_CB = {{1.000000 0.200854 0.535198 }{0.382737 0.774703 0.367309 }{0.501830 0.182216 0.941291 }}
0.190731sec per iteration
Old accuracy = 7896/21654

Processed in 2.487465sec (1.503738sec for IO)
Done.
