----------Computing----------
Iter = 0
Size = 16118
Delta = 0.000000
ObjValue = 26977.268952

Iter = 1
Size = 16118
Delta = 0.059934
ObjValue = 48281.990241

Iter = 2
Size = 16118
Delta = 0.048284
ObjValue = 48281.990241

B_AB = {{1.164055 0.000000 }{0.000000 1.140495 }}
B_AC = {{1.355479 0.000000 }{0.000000 1.164811 }}
B_BA = {{1.164055 0.000000 }{0.000000 1.140495 }}
B_BC = {{1.396004 0.000000 }{0.000000 1.265601 }}
B_CA = {{1.355479 0.000000 }{0.000000 1.164811 }}
B_CB = {{1.396004 0.000000 }{0.000000 1.265601 }}
0.059132sec per iteration
Old accuracy = 17940/21160

---------Recomputing---------
Iter = 0
Size = 16118
Delta = 0.000000
ObjValue = 77295.134927

Iter = 1
Size = 16118
Delta = 0.025439
ObjValue = 83406.978590

Iter = 2
Size = 16118
Delta = 0.019650
ObjValue = 83406.978590

B_AB = {{1.157831 0.000000 }{0.000000 1.120819 }}
B_AC = {{1.361981 0.000000 }{0.000000 1.178174 }}
B_BA = {{1.171701 0.000000 }{0.000000 1.127333 }}
B_BC = {{1.377132 0.000000 }{0.000000 1.257878 }}
B_CA = {{1.356689 0.000000 }{0.000000 1.161052 }}
B_CB = {{1.385644 0.000000 }{0.000000 1.270604 }}
0.101334sec per iteration
Global accuracy = 23167/31554
Incremental accuracy = 5197/10394

Processed in 2.124409sec (1.598242sec for IO)
Done.
