----------Computing----------
Iter = 0
Size = 23025
Delta = 0.000000
ObjValue = 178888.788919

Iter = 1
Size = 23025
Delta = 0.963952
ObjValue = 70692504.879680

Iter = 2
Size = 23025
Delta = 0.051438
ObjValue = 70692504.879680

B_AB = {{1.000000 0.000000 }{0.000000 1.000000 }}
B_AC = {{1.000000 0.000000 }{0.000000 1.000000 }}
B_BA = {{1.000000 0.000000 }{0.000000 1.000000 }}
B_BC = {{1.000000 0.000000 }{0.000000 1.000000 }}
B_CA = {{1.000000 0.000000 }{0.000000 1.000000 }}
B_CB = {{1.000000 0.000000 }{0.000000 1.000000 }}
0.061770sec per iteration
Old accuracy = 19104/31554

Processed in 1.842702sec (1.715181sec for IO)
Done.
