----------Computing----------
Iter = 0
Size = 18796
Delta = 0.000000
ObjValue = 3767.252240

Iter = 1
Size = 18796
Delta = 0.050305
ObjValue = 2337.479889

Iter = 2
Size = 18796
Delta = 0.053092
ObjValue = 2824.925965

Iter = 3
Size = 18796
Delta = 0.065424
ObjValue = 2824.925965

B_AB = {{1.623501 0.000000 0.000000 }{0.000000 1.154697 0.000000 }{0.000000 0.000000 1.636615 }}
B_AC = {{1.510462 0.000000 0.000000 }{0.000000 1.132349 0.000000 }{0.000000 0.000000 1.498193 }}
B_BA = {{1.623501 0.000000 0.000000 }{0.000000 1.154697 0.000000 }{0.000000 0.000000 1.636615 }}
B_BC = {{1.597571 0.000000 0.000000 }{0.000000 1.144947 0.000000 }{0.000000 0.000000 1.586890 }}
B_CA = {{1.510462 0.000000 0.000000 }{0.000000 1.132349 0.000000 }{0.000000 0.000000 1.498193 }}
B_CB = {{1.597571 0.000000 0.000000 }{0.000000 1.144947 0.000000 }{0.000000 0.000000 1.586890 }}
0.072646sec per iteration
Old accuracy = 10033/13869

---------Recomputing---------
Iter = 0
Size = 18796
Delta = 0.000000
ObjValue = 68583.458572

Iter = 1
Size = 18796
Delta = 0.056100
ObjValue = 69412.762704

Iter = 2
Size = 18796
Delta = 0.054480
ObjValue = 69412.762704

B_AB = {{2.421783 0.000000 0.000000 }{0.000000 1.163352 0.000000 }{0.000000 0.000000 2.475121 }}
B_AC = {{2.290107 0.000000 0.000000 }{0.000000 1.132864 0.000000 }{0.000000 0.000000 2.253939 }}
B_BA = {{2.421783 0.000000 0.000000 }{0.000000 1.163352 0.000000 }{0.000000 0.000000 2.475121 }}
B_BC = {{2.419061 0.000000 0.000000 }{0.000000 1.143141 0.000000 }{0.000000 0.000000 2.177603 }}
B_CA = {{2.285292 0.000000 0.000000 }{0.000000 1.149638 0.000000 }{0.000000 0.000000 2.259233 }}
B_CB = {{2.396024 0.000000 0.000000 }{0.000000 1.160410 0.000000 }{0.000000 0.000000 2.381597 }}
0.104916sec per iteration
Global accuracy = 14781/21654
Incremental accuracy = 5190/7785

Processed in 2.472964sec (1.495401sec for IO)
Done.
