----------Computing----------
Iter = 0
Size = 62383
Delta = 0.000000
ObjValue = 47710.375194

Iter = 1
Size = 62383
Delta = 0.956062
ObjValue = 170570.683012

Iter = 2
Size = 62383
Delta = 0.057380
ObjValue = 170570.683012

B_AB = {{1.000000 0.000000 }{0.000000 1.000000 }}
B_AC = {{1.000000 0.000000 }{0.000000 1.000000 }}
B_BA = {{1.000000 0.000000 }{0.000000 1.000000 }}
B_BC = {{1.000000 0.000000 }{0.000000 1.000000 }}
B_CA = {{1.000000 0.000000 }{0.000000 1.000000 }}
B_CB = {{1.000000 0.000000 }{0.000000 1.000000 }}
0.445379sec per iteration
Old accuracy = 35254/104182

Processed in 6.117107sec (5.211372sec for IO)
Done.
