----------Computing----------
Iter = 0
Size = 16118
Delta = 0.000000
ObjValue = 26977.268952

Iter = 1
Size = 16118
Delta = 0.059934
ObjValue = 48281.990241

Iter = 2
Size = 16118
Delta = 0.048284
ObjValue = 48281.990241

B_AB = {{1.164055 0.000000 }{0.000000 1.140495 }}
B_AC = {{1.355479 0.000000 }{0.000000 1.164811 }}
B_BA = {{1.164055 0.000000 }{0.000000 1.140495 }}
B_BC = {{1.396004 0.000000 }{0.000000 1.265601 }}
B_CA = {{1.355479 0.000000 }{0.000000 1.164811 }}
B_CB = {{1.396004 0.000000 }{0.000000 1.265601 }}
0.058240sec per iteration
Old accuracy = 17940/21160

---------Increasing----------
6907
Iter = 0
Size = 6907
Delta = 0.000000
ObjValue = 17369.504612

Iter = 1
Size = 6907
Delta = 0.284300
ObjValue = 39451.295800

Iter = 2
Size = 6907
Delta = 0.034872
ObjValue = 39451.295800

B_AB = {{1.325974 0.000000 }{0.000000 1.312613 }}
B_AC = {{1.467596 0.000000 }{0.000000 1.243205 }}
B_BA = {{1.244736 0.000000 }{0.000000 1.301139 }}
B_BC = {{1.610804 0.000000 }{0.000000 1.496061 }}
B_CA = {{1.490478 0.000000 }{0.000000 1.391260 }}
B_CB = {{1.560138 0.000000 }{0.000000 1.418606 }}
0.078473sec per iteration
Global accuracy = 27102/31554
Incremental accuracy = 9162/10394

Processed in 2.078158sec (1.588178sec for IO)
Done.
