----------Computing----------
Iter = 0
Size = 62383
Delta = 0.000000
ObjValue = 2597060.375194

Iter = 1
Size = 62383
Delta = 0.956062
ObjValue = 777104176.210638

Iter = 2
Size = 62383
Delta = 0.430958
ObjValue = 777104176.210638

B_AB = {{1.000000 0.000000 }{0.000000 1.000000 }}
B_AC = {{1.000000 0.000000 }{0.000000 1.000000 }}
B_BA = {{1.000000 0.000000 }{0.000000 1.000000 }}
B_BC = {{1.000000 0.000000 }{0.000000 1.000000 }}
B_CA = {{1.000000 0.000000 }{0.000000 1.000000 }}
B_CB = {{1.000000 0.000000 }{0.000000 1.000000 }}
0.817904sec per iteration
Old accuracy = 97606/104182

Processed in 3.336791sec (1.679743sec for IO)
Done.
