----------Computing----------
Iter = 0
Size = 16118
Delta = 0.000000
ObjValue = 35409029.744832

Iter = 1
Size = 16118
Delta = 0.072649
ObjValue = 36410686.445614

Iter = 2
Size = 16118
Delta = 0.071586
ObjValue = 36410686.445614

B_AB = {{1.000000 0.000000 }{0.000000 1.000000 }}
B_AC = {{1.000000 0.000000 }{0.000000 1.000000 }}
B_BA = {{1.000000 0.000000 }{0.000000 1.000000 }}
B_BC = {{1.000000 0.000000 }{0.000000 1.000000 }}
B_CA = {{1.000000 0.000000 }{0.000000 1.000000 }}
B_CB = {{1.000000 0.000000 }{0.000000 1.000000 }}
0.032431sec per iteration
Old accuracy = 17408/21160

---------Recomputing---------
Iter = 0
Size = 16118
Delta = 0.000000
ObjValue = 37752677.354488

Iter = 1
Size = 16118
Delta = 0.047677
ObjValue = 39435416.392541

Iter = 2
Size = 16118
Delta = 0.041281
ObjValue = 39435416.392541

B_AB = {{1.000000 0.000000 }{0.000000 1.000000 }}
B_AC = {{1.000000 0.000000 }{0.000000 1.000000 }}
B_BA = {{1.000000 0.000000 }{0.000000 1.000000 }}
B_BC = {{1.000000 0.000000 }{0.000000 1.000000 }}
B_CA = {{1.000000 0.000000 }{0.000000 1.000000 }}
B_CB = {{1.000000 0.000000 }{0.000000 1.000000 }}
0.045105sec per iteration
Global accuracy = 22793/31554
Incremental accuracy = 5197/10394

Processed in 2.765057sec (2.329376sec for IO)
Done.
