----------Computing----------
Iter = 0
Size = 23025
Delta = 0.000000
ObjValue = 72829252.414774

Iter = 1
Size = 23025
Delta = 0.213680
ObjValue = 75364684.805202

Iter = 2
Size = 23025
Delta = 0.143011
ObjValue = 75364684.805202

B_AB = {{1.000000 0.000000 }{0.000000 1.000000 }}
B_AC = {{1.000000 0.000000 }{0.000000 1.000000 }}
B_BA = {{1.000000 0.000000 }{0.000000 1.000000 }}
B_BC = {{1.000000 0.000000 }{0.000000 1.000000 }}
B_CA = {{1.000000 0.000000 }{0.000000 1.000000 }}
B_CB = {{1.000000 0.000000 }{0.000000 1.000000 }}
0.088754sec per iteration
Old accuracy = 26056/31554

Processed in 2.419200sec (1.974569sec for IO)
Done.
