----------Computing----------
Iter = 0
Size = 961
Delta = 0.000000
ObjValue = 100879.609186

Iter = 1
Size = 961
Delta = 0.300790
ObjValue = 100834.988397

Iter = 2
Size = 961
Delta = 0.114475
ObjValue = 142634.047816

Iter = 3
Size = 961
Delta = 0.067734
ObjValue = 142634.047816

B_AB = {{1.000000 0.545851 }{0.494327 0.897035 }}
B_AC = {{0.980377 0.500000 }{0.552318 0.995272 }}
B_BA = {{1.000000 0.494327 }{0.545851 0.897035 }}
B_BC = {{0.920281 0.500000 }{0.575386 0.954074 }}
B_CA = {{0.980681 0.552383 }{0.500000 0.995358 }}
B_CB = {{0.920281 0.575386 }{0.500000 0.954074 }}
0.008356sec per iteration
Old accuracy = 368/380

Processed in 0.051351sec (0.012981sec for IO)
Done.
