----------Computing----------
Iter = 0
Size = 2303
Delta = 0.000000
ObjValue = 882703.156408

Iter = 1
Size = 2303
Delta = 0.045794
ObjValue = 897758.049694

Iter = 2
Size = 2303
Delta = 0.045306
ObjValue = 897758.049694

B_AB = {{1.000000 0.000000 }{0.000000 1.000000 }}
B_AC = {{1.000000 0.000000 }{0.000000 1.000000 }}
B_BA = {{1.000000 0.000000 }{0.000000 1.000000 }}
B_BC = {{1.000000 0.000000 }{0.000000 1.000000 }}
B_CA = {{1.000000 0.000000 }{0.000000 1.000000 }}
B_CB = {{1.000000 0.000000 }{0.000000 1.000000 }}
0.006014sec per iteration
Old accuracy = 2682/3238

---------Recomputing---------
Iter = 0
Size = 2303
Delta = 0.000000
ObjValue = 915235.483883

Iter = 1
Size = 2303
Delta = 0.004129
ObjValue = 934061.086780

Iter = 2
Size = 2303
Delta = 0.003778
ObjValue = 934061.086780

B_AB = {{1.000000 0.000000 }{0.000000 1.000000 }}
B_AC = {{1.000000 0.000000 }{0.000000 1.000000 }}
B_BA = {{1.000000 0.000000 }{0.000000 1.000000 }}
B_BC = {{1.000000 0.000000 }{0.000000 1.000000 }}
B_CA = {{1.000000 0.000000 }{0.000000 1.000000 }}
B_CB = {{1.000000 0.000000 }{0.000000 1.000000 }}
0.007996sec per iteration
Global accuracy = 16840/31554
Incremental accuracy = 14158/28316

Processed in 2.102589sec (1.914149sec for IO)
Done.
