----------Computing----------
Iter = 0
Size = 23025
Delta = 0.000000
ObjValue = 70692504.879680

Iter = 1
Size = 23025
Delta = 0.223307
ObjValue = 71643097.841214

Iter = 2
Size = 23025
Delta = 0.235279
ObjValue = 71643097.841214

B_AB = {{1.000000 0.000000 }{0.000000 1.000000 }}
B_AC = {{1.000000 0.000000 }{0.000000 1.000000 }}
B_BA = {{1.000000 0.000000 }{0.000000 1.000000 }}
B_BC = {{1.000000 0.000000 }{0.000000 1.000000 }}
B_CA = {{1.000000 0.000000 }{0.000000 1.000000 }}
B_CB = {{1.000000 0.000000 }{0.000000 1.000000 }}
0.086812sec per iteration
Old accuracy = 27508/31554

Processed in 2.177317sec (1.996507sec for IO)
Done.
