----------Computing----------
Iter = 0
Size = 4605
Delta = 0.000000
ObjValue = 3315881.873186

Iter = 1
Size = 4605
Delta = 0.044425
ObjValue = 3405062.572448

Iter = 2
Size = 4605
Delta = 0.042524
ObjValue = 3405062.572448

B_AB = {{1.000000 0.000000 }{0.000000 1.000000 }}
B_AC = {{1.000000 0.000000 }{0.000000 1.000000 }}
B_BA = {{1.000000 0.000000 }{0.000000 1.000000 }}
B_BC = {{1.000000 0.000000 }{0.000000 1.000000 }}
B_CA = {{1.000000 0.000000 }{0.000000 1.000000 }}
B_CB = {{1.000000 0.000000 }{0.000000 1.000000 }}
0.006666sec per iteration
Old accuracy = 5270/6282

---------Increasing----------
18420
Iter = 0
Size = 18420
Delta = 0.000000
ObjValue = 136908.878813

Iter = 1
Size = 18420
Delta = 0.768078
ObjValue = 45382768.897140

Iter = 2
Size = 18420
Delta = 0.050947
ObjValue = 45382768.897140

B_AB = {{1.000000 0.000000 }{0.000000 1.000000 }}
B_AC = {{1.000000 0.000000 }{0.000000 1.000000 }}
B_BA = {{1.000000 0.000000 }{0.000000 1.000000 }}
B_BC = {{1.000000 0.000000 }{0.000000 1.000000 }}
B_CA = {{1.000000 0.000000 }{0.000000 1.000000 }}
B_CB = {{1.000000 0.000000 }{0.000000 1.000000 }}
0.057025sec per iteration
Global accuracy = 22152/31554
Incremental accuracy = 16882/25272

Processed in 2.273029sec (1.955013sec for IO)
Done.
