----------Computing----------
Iter = 0
Size = 24166
Delta = 0.000000
ObjValue = 46684228.603104

Iter = 1
Size = 24166
Delta = 0.080860
ObjValue = 47576229.540007

Iter = 2
Size = 24166
Delta = 0.079167
ObjValue = 47576229.540007

B_AB = {{1.000000 0.000000 0.000000 }{0.000000 1.000000 0.000000 }{0.000000 0.000000 1.000000 }}
B_AC = {{1.000000 0.000000 0.000000 }{0.000000 1.000000 0.000000 }{0.000000 0.000000 1.000000 }}
B_BA = {{1.000000 0.000000 0.000000 }{0.000000 1.000000 0.000000 }{0.000000 0.000000 1.000000 }}
B_BC = {{1.000000 0.000000 0.000000 }{0.000000 1.000000 0.000000 }{0.000000 0.000000 1.000000 }}
B_CA = {{1.000000 0.000000 0.000000 }{0.000000 1.000000 0.000000 }{0.000000 0.000000 1.000000 }}
B_CB = {{1.000000 0.000000 0.000000 }{0.000000 1.000000 0.000000 }{0.000000 0.000000 1.000000 }}
0.060915sec per iteration
Old accuracy = 11577/19398

---------Recomputing---------
Iter = 0
Size = 24166
Delta = 0.000000
ObjValue = 48369504.410889

Iter = 1
Size = 24166
Delta = 0.066618
ObjValue = 49369927.852980

Iter = 2
Size = 24166
Delta = 0.056203
ObjValue = 49369927.852980

B_AB = {{1.000000 0.000000 0.000000 }{0.000000 1.000000 0.000000 }{0.000000 0.000000 1.000000 }}
B_AC = {{1.000000 0.000000 0.000000 }{0.000000 1.000000 0.000000 }{0.000000 0.000000 1.000000 }}
B_BA = {{1.000000 0.000000 0.000000 }{0.000000 1.000000 0.000000 }{0.000000 0.000000 1.000000 }}
B_BC = {{1.000000 0.000000 0.000000 }{0.000000 1.000000 0.000000 }{0.000000 0.000000 1.000000 }}
B_CA = {{1.000000 0.000000 0.000000 }{0.000000 1.000000 0.000000 }{0.000000 0.000000 1.000000 }}
B_CB = {{1.000000 0.000000 0.000000 }{0.000000 1.000000 0.000000 }{0.000000 0.000000 1.000000 }}
0.060552sec per iteration
Global accuracy = 10654/21654
Incremental accuracy = 1504/2256

Processed in 2.045846sec (1.587060sec for IO)
Done.
