----------Computing----------
Iter = 0
Size = 36813
Delta = 0.000000
ObjValue = 8227.279264

Iter = 1
Size = 36813
Delta = 0.982091
ObjValue = 1260.256143

Iter = 2
Size = 36813
Delta = 0.040819
ObjValue = 82722.328767

Iter = 3
Size = 36813
Delta = 0.034206
ObjValue = 228715.954742

Iter = 4
Size = 36813
Delta = 0.020099
ObjValue = 351257.844691

Iter = 5
Size = 36813
Delta = 0.011988
ObjValue = 412260.125128

Iter = 6
Size = 36813
Delta = 0.008921
ObjValue = 439995.847192

Iter = 7
Size = 36813
Delta = 0.008279
ObjValue = 449346.812546

Iter = 8
Size = 36813
Delta = 0.008519
ObjValue = 452165.060914

Iter = 9
Size = 36813
Delta = 0.008575
ObjValue = 454628.479579

Iter = 10
Size = 36813
Delta = 0.008209
ObjValue = 456944.687359

Iter = 11
Size = 36813
Delta = 0.007451
ObjValue = 458391.742353

Iter = 12
Size = 36813
Delta = 0.006535
ObjValue = 459777.232812

Iter = 13
Size = 36813
Delta = 0.005479
ObjValue = 461308.324317

Iter = 14
Size = 36813
Delta = 0.004470
ObjValue = 462267.718447

Iter = 15
Size = 36813
Delta = 0.003672
ObjValue = 460023.723299

Iter = 16
Size = 36813
Delta = 0.003280
ObjValue = 457197.680257

Iter = 17
Size = 36813
Delta = 0.003253
ObjValue = 455576.848300

Iter = 18
Size = 36813
Delta = 0.003320
ObjValue = 455918.816248

Iter = 19
Size = 36813
Delta = 0.003234
ObjValue = 458519.558836

Iter = 20
Size = 36813
Delta = 0.002925
ObjValue = 462849.989755

Iter = 21
Size = 36813
Delta = 0.002405
ObjValue = 467749.272813

Iter = 22
Size = 36813
Delta = 0.001774
ObjValue = 472563.463461

Iter = 23
Size = 36813
Delta = 0.001244
ObjValue = 476777.738735

Iter = 24
Size = 36813
Delta = 0.000842
ObjValue = 480215.503831

Iter = 25
Size = 36813
Delta = 0.000733
ObjValue = 482818.136230

Iter = 26
Size = 36813
Delta = 0.000988
ObjValue = 484673.049105

Iter = 27
Size = 36813
Delta = 0.001226
ObjValue = 485312.160566

Iter = 28
Size = 36813
Delta = 0.001414
ObjValue = 485620.583756

Iter = 29
Size = 36813
Delta = 0.001538
ObjValue = 485845.841711

Iter = 30
Size = 36813
Delta = 0.001585
ObjValue = 486024.988477

Iter = 31
Size = 36813
Delta = 0.001557
ObjValue = 486094.665671

Iter = 32
Size = 36813
Delta = 0.001472
ObjValue = 486155.961863

Iter = 33
Size = 36813
Delta = 0.001357
ObjValue = 486227.066326

Iter = 34
Size = 36813
Delta = 0.001224
ObjValue = 486323.888688

Iter = 35
Size = 36813
Delta = 0.001095
ObjValue = 486455.823709

Iter = 36
Size = 36813
Delta = 0.001002
ObjValue = 486625.938006

Iter = 37
Size = 36813
Delta = 0.000931
ObjValue = 486832.445140

Iter = 38
Size = 36813
Delta = 0.000888
ObjValue = 487071.069138

Iter = 39
Size = 36813
Delta = 0.000894
ObjValue = 486814.825978

Iter = 40
Size = 36813
Delta = 0.000932
ObjValue = 486260.398762

Iter = 41
Size = 36813
Delta = 0.000995
ObjValue = 485781.216638

Iter = 42
Size = 36813
Delta = 0.001051
ObjValue = 485421.006081

Iter = 43
Size = 36813
Delta = 0.001083
ObjValue = 485232.809885

Iter = 44
Size = 36813
Delta = 0.001084
ObjValue = 485281.585174

Iter = 45
Size = 36813
Delta = 0.001050
ObjValue = 485563.114141

Iter = 46
Size = 36813
Delta = 0.000985
ObjValue = 486062.418074

Iter = 47
Size = 36813
Delta = 0.000893
ObjValue = 486746.719644

Iter = 48
Size = 36813
Delta = 0.000771
ObjValue = 487559.348875

Iter = 49
Size = 36813
Delta = 0.000631
ObjValue = 488439.223135

Iter = 50
Size = 36813
Delta = 0.000515
ObjValue = 489331.302696

Iter = 51
Size = 36813
Delta = 0.000408
ObjValue = 490188.170514

Iter = 52
Size = 36813
Delta = 0.000307
ObjValue = 490982.887858

Iter = 53
Size = 36813
Delta = 0.000240
ObjValue = 491686.607291

Iter = 54
Size = 36813
Delta = 0.000304
ObjValue = 492284.633508

Iter = 55
Size = 36813
Delta = 0.000399
ObjValue = 492802.546813

Iter = 56
Size = 36813
Delta = 0.000483
ObjValue = 493201.552126

Iter = 57
Size = 36813
Delta = 0.000548
ObjValue = 493305.601760

Iter = 58
Size = 36813
Delta = 0.000595
ObjValue = 493398.361352

Iter = 59
Size = 36813
Delta = 0.000626
ObjValue = 493482.712122

Iter = 60
Size = 36813
Delta = 0.000643
ObjValue = 493560.392430

Iter = 61
Size = 36813
Delta = 0.000642
ObjValue = 493631.983832

Iter = 62
Size = 36813
Delta = 0.000624
ObjValue = 493697.178589

Iter = 63
Size = 36813
Delta = 0.000592
ObjValue = 493755.428561

Iter = 64
Size = 36813
Delta = 0.000550
ObjValue = 493806.416832

Iter = 65
Size = 36813
Delta = 0.000504
ObjValue = 493850.487934

Iter = 66
Size = 36813
Delta = 0.000453
ObjValue = 493888.220197

Iter = 67
Size = 36813
Delta = 0.000405
ObjValue = 493920.652293

Iter = 68
Size = 36813
Delta = 0.000364
ObjValue = 493944.049634

Iter = 69
Size = 36813
Delta = 0.000337
ObjValue = 493960.166534

Iter = 70
Size = 36813
Delta = 0.000324
ObjValue = 493978.147857

Iter = 71
Size = 36813
Delta = 0.000324
ObjValue = 493998.592623

Iter = 72
Size = 36813
Delta = 0.000342
ObjValue = 493970.534404

Iter = 73
Size = 36813
Delta = 0.000368
ObjValue = 493792.458455

Iter = 74
Size = 36813
Delta = 0.000400
ObjValue = 493587.275921

Iter = 75
Size = 36813
Delta = 0.000432
ObjValue = 493391.200356

Iter = 76
Size = 36813
Delta = 0.000460
ObjValue = 493219.500127

Iter = 77
Size = 36813
Delta = 0.000481
ObjValue = 493082.354921

Iter = 78
Size = 36813
Delta = 0.000495
ObjValue = 492988.925818

Iter = 79
Size = 36813
Delta = 0.000498
ObjValue = 492946.381175

Iter = 80
Size = 36813
Delta = 0.000490
ObjValue = 492959.299421

Iter = 81
Size = 36813
Delta = 0.000474
ObjValue = 493029.162346

Iter = 82
Size = 36813
Delta = 0.000452
ObjValue = 493154.067296

Iter = 83
Size = 36813
Delta = 0.000423
ObjValue = 493324.666172

Iter = 84
Size = 36813
Delta = 0.000386
ObjValue = 493536.768162

Iter = 85
Size = 36813
Delta = 0.000340
ObjValue = 493783.962163

Iter = 86
Size = 36813
Delta = 0.000299
ObjValue = 494056.789061

Iter = 87
Size = 36813
Delta = 0.000260
ObjValue = 494345.723188

Iter = 88
Size = 36813
Delta = 0.000223
ObjValue = 494641.846891

Iter = 89
Size = 36813
Delta = 0.000186
ObjValue = 494937.358026

Iter = 90
Size = 36813
Delta = 0.000147
ObjValue = 495225.825484

Iter = 91
Size = 36813
Delta = 0.000124
ObjValue = 495502.294789

Iter = 92
Size = 36813
Delta = 0.000147
ObjValue = 495757.698014

Iter = 93
Size = 36813
Delta = 0.000188
ObjValue = 495995.668518

Iter = 94
Size = 36813
Delta = 0.000226
ObjValue = 496215.020257

Iter = 95
Size = 36813
Delta = 0.000258
ObjValue = 496415.228414

Iter = 96
Size = 36813
Delta = 0.000284
ObjValue = 496555.794921

Iter = 97
Size = 36813
Delta = 0.000303
ObjValue = 496634.949858

Iter = 98
Size = 36813
Delta = 0.000317
ObjValue = 496705.016109

Iter = 99
Size = 36813
Delta = 0.000325
ObjValue = 496766.311202

Iter = 100
Size = 36813
Delta = 0.000329
ObjValue = 496766.311202

B_AB = {{0.980361 0.987496 0.988024 0.979588 0.992912 0.987137 0.990404 0.989850 0.985671 0.985537 0.990606 0.989850 0.990606 0.990606 0.990606 0.990606 0.989850 0.990606 0.990606 }{0.978153 0.986221 0.986795 0.978238 0.991715 0.986093 0.988983 0.988832 0.984755 0.984556 0.989611 0.988832 0.989611 0.989611 0.989611 0.989611 0.988832 0.989611 0.989611 }{0.980188 0.987993 0.989407 0.980449 0.994062 0.988385 0.991268 0.991169 0.987018 0.986808 0.991956 0.991169 0.991956 0.991956 0.991956 0.991956 0.991169 0.991956 0.991956 }{0.976236 0.983968 0.984999 0.976843 0.989945 0.984331 0.987146 0.987099 0.983007 0.982798 0.987883 0.987099 0.987883 0.987883 0.987883 0.987883 0.987099 0.987883 0.987883 }{0.985264 0.993270 0.994544 0.985824 1.000000 0.993984 0.996665 0.996849 0.992682 0.992424 0.997661 0.996849 0.997661 0.997661 0.997661 0.997661 0.996849 0.997661 0.997661 }{0.983646 0.991521 0.992730 0.984073 0.997817 0.992527 0.994953 0.994998 0.990820 0.990578 0.995798 0.994998 0.995798 0.995798 0.995798 0.995798 0.994998 0.995798 0.995798 }{0.986338 0.993996 0.994814 0.986237 0.999863 0.994049 0.997606 0.996828 0.992541 0.992374 0.997602 0.996828 0.997602 0.997602 0.997602 0.997602 0.996828 0.997602 0.997602 }{0.985020 0.993150 0.994556 0.985801 0.999698 0.994071 0.996557 0.997334 0.992843 0.992548 0.997811 0.996985 0.997811 0.997811 0.997811 0.997811 0.996985 0.997811 0.997811 }{0.979701 0.987729 0.989039 0.980351 0.994081 0.988499 0.991026 0.991351 0.987627 0.987003 0.992164 0.991351 0.992164 0.992164 0.992164 0.992164 0.991351 0.992164 0.992164 }{0.978623 0.986532 0.987841 0.979199 0.992863 0.987328 0.989921 0.990132 0.986065 0.986153 0.990934 0.990132 0.990934 0.990934 0.990934 0.990934 0.990132 0.990934 0.990934 }{0.984441 0.992595 0.994048 0.985283 0.999189 0.993592 0.996019 0.996505 0.992385 0.992081 0.997684 0.996505 0.997335 0.997335 0.997335 0.997335 0.996505 0.997335 0.997335 }{0.985020 0.993150 0.994556 0.985801 0.999698 0.994071 0.996557 0.996985 0.992843 0.992548 0.997811 0.997334 0.997811 0.997811 0.997811 0.997811 0.996985 0.997811 0.997811 }{0.984441 0.992595 0.994048 0.985283 0.999189 0.993592 0.996019 0.996505 0.992385 0.992081 0.997335 0.996505 0.997684 0.997335 0.997335 0.997335 0.996505 0.997335 0.997335 }{0.984441 0.992595 0.994048 0.985283 0.999189 0.993592 0.996019 0.996505 0.992385 0.992081 0.997335 0.996505 0.997335 0.997684 0.997335 0.997335 0.996505 0.997335 0.997335 }{0.984441 0.992595 0.994048 0.985283 0.999189 0.993592 0.996019 0.996505 0.992385 0.992081 0.997335 0.996505 0.997335 0.997335 0.997684 0.997335 0.996505 0.997335 0.997335 }{0.984441 0.992595 0.994048 0.985283 0.999189 0.993592 0.996019 0.996505 0.992385 0.992081 0.997335 0.996505 0.997335 0.997335 0.997335 0.997684 0.996505 0.997335 0.997335 }{0.985020 0.993150 0.994556 0.985801 0.999698 0.994071 0.996557 0.996985 0.992843 0.992548 0.997811 0.996985 0.997811 0.997811 0.997811 0.997811 0.997334 0.997811 0.997811 }{0.984441 0.992595 0.994048 0.985283 0.999189 0.993592 0.996019 0.996505 0.992385 0.992081 0.997335 0.996505 0.997335 0.997335 0.997335 0.997335 0.996505 0.997684 0.997335 }{0.984441 0.992595 0.994048 0.985283 0.999189 0.993592 0.996019 0.996505 0.992385 0.992081 0.997335 0.996505 0.997335 0.997335 0.997335 0.997335 0.996505 0.997335 0.997684 }}
B_AC = {{0.995722 0.992865 0.993886 0.993365 0.993606 0.993765 0.994147 0.994518 0.994396 0.993870 0.994286 0.994518 0.994286 0.994286 0.994286 0.994286 0.994518 0.994286 0.994286 }{0.995411 1.000000 0.996288 0.994590 0.995257 0.994777 0.994614 0.994499 0.995096 0.995349 0.994621 0.994499 0.994621 0.994621 0.994621 0.994621 0.994499 0.994621 0.994621 }{0.993181 0.995558 0.999467 0.995225 0.996151 0.995353 0.995242 0.994479 0.995002 0.995072 0.994522 0.994479 0.994522 0.994522 0.994522 0.994522 0.994479 0.994522 0.994522 }{0.995276 0.994372 0.995639 0.999359 0.995074 0.994481 0.994569 0.994725 0.994817 0.994991 0.994675 0.994725 0.994675 0.994675 0.994675 0.994675 0.994725 0.994675 0.994675 }{0.995762 0.996161 0.996654 0.996077 0.999065 0.995907 0.996051 0.995054 0.994312 0.994650 0.994916 0.995054 0.994916 0.994916 0.994916 0.994916 0.995054 0.994916 0.994916 }{0.994993 0.995234 0.996064 0.995181 0.996060 0.998913 0.996666 0.995093 0.995030 0.995239 0.995141 0.995093 0.995141 0.995141 0.995141 0.995141 0.995093 0.995141 0.995141 }{0.991302 0.992420 0.995429 0.992937 0.995162 0.995708 0.999641 0.994570 0.994357 0.993973 0.994423 0.994570 0.994423 0.994423 0.994423 0.994423 0.994570 0.994423 0.994423 }{0.997212 0.995952 0.995406 0.996299 0.995717 0.995605 0.995952 0.998081 0.995479 0.995500 0.995735 0.996028 0.995735 0.995735 0.995735 0.995735 0.996028 0.995735 0.995735 }{0.996191 0.996145 0.995891 0.996058 0.994997 0.995567 0.995472 0.995639 0.998875 0.996756 0.995792 0.995639 0.995792 0.995792 0.995792 0.995792 0.995639 0.995792 0.995792 }{0.996396 0.996601 0.995948 0.996351 0.995112 0.995657 0.995331 0.995422 0.996610 0.999342 0.995579 0.995422 0.995579 0.995579 0.995579 0.995579 0.995422 0.995579 0.995579 }{0.997670 0.996504 0.995602 0.996658 0.995787 0.995860 0.996061 0.995897 0.995746 0.995818 0.997956 0.995897 0.995903 0.995903 0.995903 0.995903 0.995897 0.995903 0.995903 }{0.997212 0.995952 0.995406 0.996299 0.995717 0.995605 0.995952 0.996028 0.995479 0.995500 0.995735 0.998081 0.995735 0.995735 0.995735 0.995735 0.996028 0.995735 0.995735 }{0.997670 0.996504 0.995602 0.996658 0.995787 0.995860 0.996061 0.995897 0.995746 0.995818 0.995903 0.995897 0.997956 0.995903 0.995903 0.995903 0.995897 0.995903 0.995903 }{0.997670 0.996504 0.995602 0.996658 0.995787 0.995860 0.996061 0.995897 0.995746 0.995818 0.995903 0.995897 0.995903 0.997956 0.995903 0.995903 0.995897 0.995903 0.995903 }{0.997670 0.996504 0.995602 0.996658 0.995787 0.995860 0.996061 0.995897 0.995746 0.995818 0.995903 0.995897 0.995903 0.995903 0.997956 0.995903 0.995897 0.995903 0.995903 }{0.997670 0.996504 0.995602 0.996658 0.995787 0.995860 0.996061 0.995897 0.995746 0.995818 0.995903 0.995897 0.995903 0.995903 0.995903 0.997956 0.995897 0.995903 0.995903 }{0.997212 0.995952 0.995406 0.996299 0.995717 0.995605 0.995952 0.996028 0.995479 0.995500 0.995735 0.996028 0.995735 0.995735 0.995735 0.995735 0.998081 0.995735 0.995735 }{0.997670 0.996504 0.995602 0.996658 0.995787 0.995860 0.996061 0.995897 0.995746 0.995818 0.995903 0.995897 0.995903 0.995903 0.995903 0.995903 0.995897 0.997956 0.995903 }{0.997670 0.996504 0.995602 0.996658 0.995787 0.995860 0.996061 0.995897 0.995746 0.995818 0.995903 0.995897 0.995903 0.995903 0.995903 0.995903 0.995897 0.995903 0.997956 }}
B_BA = {{0.980361 0.978153 0.980188 0.976236 0.985264 0.983646 0.986338 0.985020 0.979701 0.978623 0.984441 0.985020 0.984441 0.984441 0.984441 0.984441 0.985020 0.984441 0.984441 }{0.987496 0.986221 0.987993 0.983968 0.993270 0.991521 0.993996 0.993150 0.987729 0.986532 0.992595 0.993150 0.992595 0.992595 0.992595 0.992595 0.993150 0.992595 0.992595 }{0.988024 0.986795 0.989407 0.984999 0.994544 0.992730 0.994814 0.994556 0.989039 0.987841 0.994048 0.994556 0.994048 0.994048 0.994048 0.994048 0.994556 0.994048 0.994048 }{0.979588 0.978238 0.980449 0.976843 0.985824 0.984073 0.986237 0.985801 0.980351 0.979199 0.985283 0.985801 0.985283 0.985283 0.985283 0.985283 0.985801 0.985283 0.985283 }{0.992912 0.991715 0.994062 0.989945 1.000000 0.997817 0.999863 0.999698 0.994081 0.992863 0.999189 0.999698 0.999189 0.999189 0.999189 0.999189 0.999698 0.999189 0.999189 }{0.987137 0.986093 0.988385 0.984331 0.993984 0.992527 0.994049 0.994071 0.988499 0.987328 0.993592 0.994071 0.993592 0.993592 0.993592 0.993592 0.994071 0.993592 0.993592 }{0.990404 0.988983 0.991268 0.987146 0.996665 0.994953 0.997606 0.996557 0.991026 0.989921 0.996019 0.996557 0.996019 0.996019 0.996019 0.996019 0.996557 0.996019 0.996019 }{0.989850 0.988832 0.991169 0.987099 0.996849 0.994998 0.996828 0.997334 0.991351 0.990132 0.996505 0.996985 0.996505 0.996505 0.996505 0.996505 0.996985 0.996505 0.996505 }{0.985671 0.984755 0.987018 0.983007 0.992682 0.990820 0.992541 0.992843 0.987627 0.986065 0.992385 0.992843 0.992385 0.992385 0.992385 0.992385 0.992843 0.992385 0.992385 }{0.985537 0.984556 0.986808 0.982798 0.992424 0.990578 0.992374 0.992548 0.987003 0.986153 0.992081 0.992548 0.992081 0.992081 0.992081 0.992081 0.992548 0.992081 0.992081 }{0.990606 0.989611 0.991956 0.987883 0.997661 0.995798 0.997602 0.997811 0.992164 0.990934 0.997684 0.997811 0.997335 0.997335 0.997335 0.997335 0.997811 0.997335 0.997335 }{0.989850 0.988832 0.991169 0.987099 0.996849 0.994998 0.996828 0.996985 0.991351 0.990132 0.996505 0.997334 0.996505 0.996505 0.996505 0.996505 0.996985 0.996505 0.996505 }{0.990606 0.989611 0.991956 0.987883 0.997661 0.995798 0.997602 0.997811 0.992164 0.990934 0.997335 0.997811 0.997684 0.997335 0.997335 0.997335 0.997811 0.997335 0.997335 }{0.990606 0.989611 0.991956 0.987883 0.997661 0.995798 0.997602 0.997811 0.992164 0.990934 0.997335 0.997811 0.997335 0.997684 0.997335 0.997335 0.997811 0.997335 0.997335 }{0.990606 0.989611 0.991956 0.987883 0.997661 0.995798 0.997602 0.997811 0.992164 0.990934 0.997335 0.997811 0.997335 0.997335 0.997684 0.997335 0.997811 0.997335 0.997335 }{0.990606 0.989611 0.991956 0.987883 0.997661 0.995798 0.997602 0.997811 0.992164 0.990934 0.997335 0.997811 0.997335 0.997335 0.997335 0.997684 0.997811 0.997335 0.997335 }{0.989850 0.988832 0.991169 0.987099 0.996849 0.994998 0.996828 0.996985 0.991351 0.990132 0.996505 0.996985 0.996505 0.996505 0.996505 0.996505 0.997334 0.996505 0.996505 }{0.990606 0.989611 0.991956 0.987883 0.997661 0.995798 0.997602 0.997811 0.992164 0.990934 0.997335 0.997811 0.997335 0.997335 0.997335 0.997335 0.997811 0.997684 0.997335 }{0.990606 0.989611 0.991956 0.987883 0.997661 0.995798 0.997602 0.997811 0.992164 0.990934 0.997335 0.997811 0.997335 0.997335 0.997335 0.997335 0.997811 0.997335 0.997684 }}
B_BC = {{0.989602 0.994640 0.999671 0.989284 0.994593 0.996499 0.997152 0.994704 0.999112 0.998640 0.994524 0.994704 0.994524 0.994524 0.994524 0.994524 0.994704 0.994524 0.994524 }{0.985184 0.994008 0.997858 0.986256 0.992297 0.993515 0.993872 0.991940 0.996858 0.996556 0.991838 0.991940 0.991838 0.991838 0.991838 0.991838 0.991940 0.991838 0.991838 }{0.983999 0.991678 0.997978 0.985861 0.991653 0.993125 0.993333 0.991139 0.996282 0.996046 0.991049 0.991139 0.991049 0.991049 0.991049 0.991049 0.991139 0.991049 0.991049 }{0.987902 0.994290 1.000000 0.990870 0.994790 0.996294 0.996450 0.994602 0.999420 0.999159 0.994561 0.994602 0.994561 0.994561 0.994561 0.994561 0.994602 0.994561 0.994561 }{0.983030 0.989938 0.995387 0.984519 0.991334 0.991922 0.992176 0.989889 0.994127 0.993862 0.989803 0.989889 0.989803 0.989803 0.989803 0.989803 0.989889 0.989803 0.989803 }{0.984996 0.991246 0.996787 0.986012 0.991882 0.995045 0.994426 0.991575 0.996185 0.995970 0.991569 0.991575 0.991569 0.991569 0.991569 0.991569 0.991575 0.991569 0.991569 }{0.984166 0.990250 0.995949 0.985012 0.990958 0.993309 0.995133 0.990624 0.995085 0.994759 0.990529 0.990624 0.990529 0.990529 0.990529 0.990529 0.990624 0.990529 0.990529 }{0.984550 0.990931 0.996019 0.985542 0.991098 0.992765 0.993046 0.991987 0.995799 0.995402 0.991192 0.991350 0.991192 0.991192 0.991192 0.991192 0.991350 0.991192 0.991192 }{0.985081 0.992131 0.997314 0.986502 0.991564 0.993554 0.993536 0.992065 0.998289 0.997281 0.992025 0.992065 0.992025 0.992025 0.992025 0.992025 0.992065 0.992025 0.992025 }{0.984960 0.992165 0.997386 0.986601 0.991597 0.993614 0.993511 0.991956 0.997567 0.998094 0.991899 0.991956 0.991899 0.991899 0.991899 0.991899 0.991956 0.991899 0.991899 }{0.984288 0.990708 0.995742 0.985335 0.990839 0.992558 0.992746 0.991014 0.995558 0.995143 0.991604 0.991014 0.990967 0.990967 0.990967 0.990967 0.991014 0.990967 0.990967 }{0.984550 0.990931 0.996019 0.985542 0.991098 0.992765 0.993046 0.991350 0.995799 0.995402 0.991192 0.991987 0.991192 0.991192 0.991192 0.991192 0.991350 0.991192 0.991192 }{0.984288 0.990708 0.995742 0.985335 0.990839 0.992558 0.992746 0.991014 0.995558 0.995143 0.990967 0.991014 0.991604 0.990967 0.990967 0.990967 0.991014 0.990967 0.990967 }{0.984288 0.990708 0.995742 0.985335 0.990839 0.992558 0.992746 0.991014 0.995558 0.995143 0.990967 0.991014 0.990967 0.991604 0.990967 0.990967 0.991014 0.990967 0.990967 }{0.984288 0.990708 0.995742 0.985335 0.990839 0.992558 0.992746 0.991014 0.995558 0.995143 0.990967 0.991014 0.990967 0.990967 0.991604 0.990967 0.991014 0.990967 0.990967 }{0.984288 0.990708 0.995742 0.985335 0.990839 0.992558 0.992746 0.991014 0.995558 0.995143 0.990967 0.991014 0.990967 0.990967 0.990967 0.991604 0.991014 0.990967 0.990967 }{0.984550 0.990931 0.996019 0.985542 0.991098 0.992765 0.993046 0.991350 0.995799 0.995402 0.991192 0.991350 0.991192 0.991192 0.991192 0.991192 0.991987 0.991192 0.991192 }{0.984288 0.990708 0.995742 0.985335 0.990839 0.992558 0.992746 0.991014 0.995558 0.995143 0.990967 0.991014 0.990967 0.990967 0.990967 0.990967 0.991014 0.991604 0.990967 }{0.984288 0.990708 0.995742 0.985335 0.990839 0.992558 0.992746 0.991014 0.995558 0.995143 0.990967 0.991014 0.990967 0.990967 0.990967 0.990967 0.991014 0.990967 0.991604 }}
B_CA = {{0.995724 0.995412 0.993181 0.995276 0.995765 0.994999 0.991303 0.997219 0.996197 0.996401 0.997678 0.997219 0.997678 0.997678 0.997678 0.997678 0.997219 0.997678 0.997678 }{0.992863 1.000000 0.995556 0.994369 0.996162 0.995237 0.992418 0.995955 0.996148 0.996603 0.996508 0.995955 0.996508 0.996508 0.996508 0.996508 0.995955 0.996508 0.996508 }{0.993884 0.996286 0.999466 0.995636 0.996654 0.996067 0.995428 0.995409 0.995893 0.995950 0.995605 0.995409 0.995605 0.995605 0.995605 0.995605 0.995409 0.995605 0.995605 }{0.993364 0.994590 0.995225 0.999359 0.996079 0.995186 0.992937 0.996304 0.996063 0.996355 0.996664 0.996304 0.996664 0.996664 0.996664 0.996664 0.996304 0.996664 0.996664 }{0.993605 0.995257 0.996150 0.995072 0.999067 0.996064 0.995163 0.995721 0.995001 0.995115 0.995792 0.995721 0.995792 0.995792 0.995792 0.995792 0.995721 0.995792 0.995792 }{0.993765 0.994777 0.995353 0.994479 0.995909 0.998920 0.995710 0.995611 0.995572 0.995661 0.995866 0.995611 0.995866 0.995866 0.995866 0.995866 0.995611 0.995866 0.995866 }{0.994149 0.994615 0.995243 0.994568 0.996054 0.996674 0.999646 0.995959 0.995478 0.995336 0.996069 0.995959 0.996069 0.996069 0.996069 0.996069 0.995959 0.996069 0.996069 }{0.994518 0.994498 0.994477 0.994723 0.995055 0.995098 0.994571 0.998086 0.995643 0.995425 0.995902 0.996033 0.995902 0.995902 0.995902 0.995902 0.996033 0.995902 0.995902 }{0.994396 0.995095 0.995001 0.994815 0.994313 0.995035 0.994357 0.995483 0.998880 0.996614 0.995751 0.995483 0.995751 0.995751 0.995751 0.995751 0.995483 0.995751 0.995751 }{0.993871 0.995350 0.995073 0.994991 0.994653 0.995246 0.993975 0.995506 0.996762 0.999348 0.995825 0.995506 0.995825 0.995825 0.995825 0.995825 0.995506 0.995825 0.995825 }{0.994286 0.994620 0.994521 0.994673 0.994917 0.995146 0.994424 0.995740 0.995797 0.995583 0.997963 0.995740 0.995909 0.995909 0.995909 0.995909 0.995740 0.995909 0.995909 }{0.994518 0.994498 0.994477 0.994723 0.995055 0.995098 0.994571 0.996033 0.995643 0.995425 0.995902 0.998086 0.995902 0.995902 0.995902 0.995902 0.996033 0.995902 0.995902 }{0.994286 0.994620 0.994521 0.994673 0.994917 0.995146 0.994424 0.995740 0.995797 0.995583 0.995909 0.995740 0.997963 0.995909 0.995909 0.995909 0.995740 0.995909 0.995909 }{0.994286 0.994620 0.994521 0.994673 0.994917 0.995146 0.994424 0.995740 0.995797 0.995583 0.995909 0.995740 0.995909 0.997963 0.995909 0.995909 0.995740 0.995909 0.995909 }{0.994286 0.994620 0.994521 0.994673 0.994917 0.995146 0.994424 0.995740 0.995797 0.995583 0.995909 0.995740 0.995909 0.995909 0.997963 0.995909 0.995740 0.995909 0.995909 }{0.994286 0.994620 0.994521 0.994673 0.994917 0.995146 0.994424 0.995740 0.995797 0.995583 0.995909 0.995740 0.995909 0.995909 0.995909 0.997963 0.995740 0.995909 0.995909 }{0.994518 0.994498 0.994477 0.994723 0.995055 0.995098 0.994571 0.996033 0.995643 0.995425 0.995902 0.996033 0.995902 0.995902 0.995902 0.995902 0.998086 0.995902 0.995902 }{0.994286 0.994620 0.994521 0.994673 0.994917 0.995146 0.994424 0.995740 0.995797 0.995583 0.995909 0.995740 0.995909 0.995909 0.995909 0.995909 0.995740 0.997963 0.995909 }{0.994286 0.994620 0.994521 0.994673 0.994917 0.995146 0.994424 0.995740 0.995797 0.995583 0.995909 0.995740 0.995909 0.995909 0.995909 0.995909 0.995740 0.995909 0.997963 }}
B_CB = {{0.989602 0.985184 0.983999 0.987902 0.983030 0.984996 0.984166 0.984550 0.985081 0.984960 0.984288 0.984550 0.984288 0.984288 0.984288 0.984288 0.984550 0.984288 0.984288 }{0.994640 0.994008 0.991678 0.994290 0.989938 0.991246 0.990250 0.990931 0.992131 0.992165 0.990708 0.990931 0.990708 0.990708 0.990708 0.990708 0.990931 0.990708 0.990708 }{0.999671 0.997858 0.997978 1.000000 0.995387 0.996787 0.995949 0.996019 0.997314 0.997386 0.995742 0.996019 0.995742 0.995742 0.995742 0.995742 0.996019 0.995742 0.995742 }{0.989284 0.986256 0.985861 0.990870 0.984519 0.986012 0.985012 0.985542 0.986502 0.986601 0.985335 0.985542 0.985335 0.985335 0.985335 0.985335 0.985542 0.985335 0.985335 }{0.994593 0.992297 0.991653 0.994790 0.991334 0.991882 0.990958 0.991098 0.991564 0.991597 0.990839 0.991098 0.990839 0.990839 0.990839 0.990839 0.991098 0.990839 0.990839 }{0.996499 0.993515 0.993125 0.996294 0.991922 0.995045 0.993309 0.992765 0.993554 0.993614 0.992558 0.992765 0.992558 0.992558 0.992558 0.992558 0.992765 0.992558 0.992558 }{0.997152 0.993872 0.993333 0.996450 0.992176 0.994426 0.995133 0.993046 0.993536 0.993511 0.992746 0.993046 0.992746 0.992746 0.992746 0.992746 0.993046 0.992746 0.992746 }{0.994704 0.991940 0.991139 0.994602 0.989889 0.991575 0.990624 0.991987 0.992065 0.991956 0.991014 0.991350 0.991014 0.991014 0.991014 0.991014 0.991350 0.991014 0.991014 }{0.999112 0.996858 0.996282 0.999420 0.994127 0.996185 0.995085 0.995799 0.998289 0.997567 0.995558 0.995799 0.995558 0.995558 0.995558 0.995558 0.995799 0.995558 0.995558 }{0.998640 0.996556 0.996046 0.999159 0.993862 0.995970 0.994759 0.995402 0.997281 0.998094 0.995143 0.995402 0.995143 0.995143 0.995143 0.995143 0.995402 0.995143 0.995143 }{0.994524 0.991838 0.991049 0.994561 0.989803 0.991569 0.990529 0.991192 0.992025 0.991899 0.991604 0.991192 0.990967 0.990967 0.990967 0.990967 0.991192 0.990967 0.990967 }{0.994704 0.991940 0.991139 0.994602 0.989889 0.991575 0.990624 0.991350 0.992065 0.991956 0.991014 0.991987 0.991014 0.991014 0.991014 0.991014 0.991350 0.991014 0.991014 }{0.994524 0.991838 0.991049 0.994561 0.989803 0.991569 0.990529 0.991192 0.992025 0.991899 0.990967 0.991192 0.991604 0.990967 0.990967 0.990967 0.991192 0.990967 0.990967 }{0.994524 0.991838 0.991049 0.994561 0.989803 0.991569 0.990529 0.991192 0.992025 0.991899 0.990967 0.991192 0.990967 0.991604 0.990967 0.990967 0.991192 0.990967 0.990967 }{0.994524 0.991838 0.991049 0.994561 0.989803 0.991569 0.990529 0.991192 0.992025 0.991899 0.990967 0.991192 0.990967 0.990967 0.991604 0.990967 0.991192 0.990967 0.990967 }{0.994524 0.991838 0.991049 0.994561 0.989803 0.991569 0.990529 0.991192 0.992025 0.991899 0.990967 0.991192 0.990967 0.990967 0.990967 0.991604 0.991192 0.990967 0.990967 }{0.994704 0.991940 0.991139 0.994602 0.989889 0.991575 0.990624 0.991350 0.992065 0.991956 0.991014 0.991350 0.991014 0.991014 0.991014 0.991014 0.991987 0.991014 0.991014 }{0.994524 0.991838 0.991049 0.994561 0.989803 0.991569 0.990529 0.991192 0.992025 0.991899 0.990967 0.991192 0.990967 0.990967 0.990967 0.990967 0.991192 0.991604 0.990967 }{0.994524 0.991838 0.991049 0.994561 0.989803 0.991569 0.990529 0.991192 0.992025 0.991899 0.990967 0.991192 0.990967 0.990967 0.990967 0.990967 0.991192 0.990967 0.991604 }}
1.700181sec per iteration
Old accuracy = 2516/5947

Processed in 176.647581sec (4.494185sec for IO)
Done.
