----------Computing----------
Iter = 0
Size = 26850
Delta = 0.000000
ObjValue = 336744.000000

Iter = 1
Size = 26850
Delta = 0.985885
ObjValue = 46203094.444444

Iter = 2
Size = 26850
Delta = 0.059401
ObjValue = 46203094.444444

B_AB = {{1.000000 0.000000 0.000000 }{0.000000 1.000000 0.000000 }{0.000000 0.000000 1.000000 }}
B_AC = {{1.000000 0.000000 0.000000 }{0.000000 1.000000 0.000000 }{0.000000 0.000000 1.000000 }}
B_BA = {{1.000000 0.000000 0.000000 }{0.000000 1.000000 0.000000 }{0.000000 0.000000 1.000000 }}
B_BC = {{1.000000 0.000000 0.000000 }{0.000000 1.000000 0.000000 }{0.000000 0.000000 1.000000 }}
B_CA = {{1.000000 0.000000 0.000000 }{0.000000 1.000000 0.000000 }{0.000000 0.000000 1.000000 }}
B_CB = {{1.000000 0.000000 0.000000 }{0.000000 1.000000 0.000000 }{0.000000 0.000000 1.000000 }}
0.205456sec per iteration
Old accuracy = 7218/21654

Processed in 0.792556sec (0.379187sec for IO)
Done.
