----------Computing----------
Iter = 0
Size = 26850
Delta = 0.000000
ObjValue = 178102154.294995

Iter = 1
Size = 26850
Delta = 0.938415
ObjValue = 61839627.196688

Iter = 2
Size = 26850
Delta = 0.183101
ObjValue = 127346582.453600

Iter = 3
Size = 26850
Delta = 0.160732
ObjValue = 127346582.453600

B_AB = {{0.999269 0.678355 0.463717 }{0.683125 0.958562 0.681356 }{0.465237 0.678744 1.000000 }}
B_AC = {{0.997991 0.650653 0.478696 }{0.737628 0.998874 0.737471 }{0.479119 0.651295 1.000000 }}
B_BA = {{0.999269 0.683125 0.465237 }{0.678355 0.958562 0.678744 }{0.463717 0.681356 1.000000 }}
B_BC = {{0.999473 0.642437 0.462540 }{0.694981 0.962749 0.694800 }{0.461559 0.640620 1.000000 }}
B_CA = {{0.997991 0.737628 0.479118 }{0.650653 0.998874 0.651295 }{0.478696 0.737471 1.000000 }}
B_CB = {{0.999473 0.694981 0.461559 }{0.642437 0.962749 0.640620 }{0.462540 0.694800 1.000000 }}
0.714696sec per iteration
Old accuracy = 13445/21654

Processed in 4.446653sec (0.921392sec for IO)
Done.
