----------Computing----------
Iter = 0
Size = 6908
Delta = 0.000000
ObjValue = 6371692.260865

Iter = 1
Size = 6908
Delta = 0.045736
ObjValue = 6555149.262890

Iter = 2
Size = 6908
Delta = 0.047604
ObjValue = 6555149.262890

B_AB = {{1.000000 0.000000 }{0.000000 1.000000 }}
B_AC = {{1.000000 0.000000 }{0.000000 1.000000 }}
B_BA = {{1.000000 0.000000 }{0.000000 1.000000 }}
B_BC = {{1.000000 0.000000 }{0.000000 1.000000 }}
B_CA = {{1.000000 0.000000 }{0.000000 1.000000 }}
B_CB = {{1.000000 0.000000 }{0.000000 1.000000 }}
0.006640sec per iteration
Old accuracy = 5780/8776

---------Increasing----------
16117
Iter = 0
Size = 16117
Delta = 0.000000
ObjValue = 121865.054201

Iter = 1
Size = 16117
Delta = 0.669750
ObjValue = 34673725.392010

Iter = 2
Size = 16117
Delta = 0.048476
ObjValue = 34673725.392010

B_AB = {{1.000000 0.000000 }{0.000000 1.000000 }}
B_AC = {{1.000000 0.000000 }{0.000000 1.000000 }}
B_BA = {{1.000000 0.000000 }{0.000000 1.000000 }}
B_BC = {{1.000000 0.000000 }{0.000000 1.000000 }}
B_CA = {{1.000000 0.000000 }{0.000000 1.000000 }}
B_CB = {{1.000000 0.000000 }{0.000000 1.000000 }}
0.067429sec per iteration
Global accuracy = 21516/31554
Incremental accuracy = 15736/22778

Processed in 2.093322sec (1.774363sec for IO)
Done.
