----------Computing----------
Iter = 0
Size = 24954
Delta = 0.000000
ObjValue = 4933.249702

Iter = 1
Size = 24954
Delta = 0.082685
ObjValue = 7496.188890

Iter = 2
Size = 24954
Delta = 0.074491
ObjValue = 7496.188890

B_AB = {{1.070789 0.000000 }{0.000000 1.166432 }}
B_AC = {{1.193557 0.000000 }{0.000000 1.253628 }}
B_BA = {{1.070789 0.000000 }{0.000000 1.166432 }}
B_BC = {{1.179664 0.000000 }{0.000000 1.303535 }}
B_CA = {{1.193557 0.000000 }{0.000000 1.253628 }}
B_CB = {{1.179664 0.000000 }{0.000000 1.303535 }}
0.020038sec per iteration
Old accuracy = 28868/42974

---------Increasing----------
37429
Iter = 0
Size = 37429
Delta = 0.000000
ObjValue = 99287.079780

Iter = 1
Size = 37429
Delta = 0.562605
ObjValue = 231039.175513

Iter = 2
Size = 37429
Delta = 0.044356
ObjValue = 231039.175513

B_AB = {{1.298048 0.000000 }{0.000000 1.404236 }}
B_AC = {{1.324767 0.000000 }{0.000000 1.431634 }}
B_BA = {{1.243630 0.000000 }{0.000000 1.337913 }}
B_BC = {{1.416646 0.000000 }{0.000000 1.530913 }}
B_CA = {{1.351803 0.000000 }{0.000000 1.453403 }}
B_CB = {{1.356307 0.000000 }{0.000000 1.526021 }}
0.512117sec per iteration
Global accuracy = 60160/104182
Incremental accuracy = 31292/61208

Processed in 6.843497sec (5.211555sec for IO)
Done.
