----------Computing----------
Iter = 0
Size = 21480
Delta = 0.000000
ObjValue = 38381265.211385

Iter = 1
Size = 21480
Delta = 0.080745
ObjValue = 38721685.314107

Iter = 2
Size = 21480
Delta = 0.079274
ObjValue = 38721685.314107

B_AB = {{1.000000 0.000000 0.000000 }{0.000000 1.000000 0.000000 }{0.000000 0.000000 1.000000 }}
B_AC = {{1.000000 0.000000 0.000000 }{0.000000 1.000000 0.000000 }{0.000000 0.000000 1.000000 }}
B_BA = {{1.000000 0.000000 0.000000 }{0.000000 1.000000 0.000000 }{0.000000 0.000000 1.000000 }}
B_BC = {{1.000000 0.000000 0.000000 }{0.000000 1.000000 0.000000 }{0.000000 0.000000 1.000000 }}
B_CA = {{1.000000 0.000000 0.000000 }{0.000000 1.000000 0.000000 }{0.000000 0.000000 1.000000 }}
B_CB = {{1.000000 0.000000 0.000000 }{0.000000 1.000000 0.000000 }{0.000000 0.000000 1.000000 }}
0.037613sec per iteration
Old accuracy = 10129/16770

---------Increasing----------
5370
Iter = 0
Size = 5370
Delta = 0.000000
ObjValue = 59067.813007

Iter = 1
Size = 5370
Delta = 0.196536
ObjValue = 1857979.590785

Iter = 2
Size = 5370
Delta = 0.027104
ObjValue = 1857979.590785

B_AB = {{1.000000 0.000000 0.000000 }{0.000000 1.000000 0.000000 }{0.000000 0.000000 1.000000 }}
B_AC = {{1.000000 0.000000 0.000000 }{0.000000 1.000000 0.000000 }{0.000000 0.000000 1.000000 }}
B_BA = {{1.000000 0.000000 0.000000 }{0.000000 1.000000 0.000000 }{0.000000 0.000000 1.000000 }}
B_BC = {{1.000000 0.000000 0.000000 }{0.000000 1.000000 0.000000 }{0.000000 0.000000 1.000000 }}
B_CA = {{1.000000 0.000000 0.000000 }{0.000000 1.000000 0.000000 }{0.000000 0.000000 1.000000 }}
B_CB = {{1.000000 0.000000 0.000000 }{0.000000 1.000000 0.000000 }{0.000000 0.000000 1.000000 }}
0.021377sec per iteration
Global accuracy = 13746/21654
Incremental accuracy = 3617/4884

Processed in 1.986698sec (1.647597sec for IO)
Done.
