----------Computing----------
Iter = 0
Size = 4605
Delta = 0.000000
ObjValue = 3315881.873186

Iter = 1
Size = 4605
Delta = 0.044425
ObjValue = 3405062.572448

Iter = 2
Size = 4605
Delta = 0.042524
ObjValue = 3405062.572448

B_AB = {{1.000000 0.000000 }{0.000000 1.000000 }}
B_AC = {{1.000000 0.000000 }{0.000000 1.000000 }}
B_BA = {{1.000000 0.000000 }{0.000000 1.000000 }}
B_BC = {{1.000000 0.000000 }{0.000000 1.000000 }}
B_CA = {{1.000000 0.000000 }{0.000000 1.000000 }}
B_CB = {{1.000000 0.000000 }{0.000000 1.000000 }}
0.006389sec per iteration
Old accuracy = 5270/6282

---------Recomputing---------
Iter = 0
Size = 4605
Delta = 0.000000
ObjValue = 3502157.787726

Iter = 1
Size = 4605
Delta = 0.007700
ObjValue = 3603565.768646

Iter = 2
Size = 4605
Delta = 0.006586
ObjValue = 3603565.768646

B_AB = {{1.000000 0.000000 }{0.000000 1.000000 }}
B_AC = {{1.000000 0.000000 }{0.000000 1.000000 }}
B_BA = {{1.000000 0.000000 }{0.000000 1.000000 }}
B_BC = {{1.000000 0.000000 }{0.000000 1.000000 }}
B_CA = {{1.000000 0.000000 }{0.000000 1.000000 }}
B_CB = {{1.000000 0.000000 }{0.000000 1.000000 }}
0.011674sec per iteration
Global accuracy = 17912/31554
Incremental accuracy = 12636/25272

Processed in 2.128007sec (1.909083sec for IO)
Done.
