----------Computing----------
Iter = 0
Size = 18796
Delta = 0.000000
ObjValue = 31028082.240066

Iter = 1
Size = 18796
Delta = 0.082244
ObjValue = 30902083.193617

Iter = 2
Size = 18796
Delta = 0.081398
ObjValue = 31002696.135654

Iter = 3
Size = 18796
Delta = 0.073781
ObjValue = 31002696.135654

B_AB = {{1.000000 0.000000 0.000000 }{0.000000 1.000000 0.000000 }{0.000000 0.000000 1.000000 }}
B_AC = {{1.000000 0.000000 0.000000 }{0.000000 1.000000 0.000000 }{0.000000 0.000000 1.000000 }}
B_BA = {{1.000000 0.000000 0.000000 }{0.000000 1.000000 0.000000 }{0.000000 0.000000 1.000000 }}
B_BC = {{1.000000 0.000000 0.000000 }{0.000000 1.000000 0.000000 }{0.000000 0.000000 1.000000 }}
B_CA = {{1.000000 0.000000 0.000000 }{0.000000 1.000000 0.000000 }{0.000000 0.000000 1.000000 }}
B_CB = {{1.000000 0.000000 0.000000 }{0.000000 1.000000 0.000000 }{0.000000 0.000000 1.000000 }}
0.032385sec per iteration
Old accuracy = 7518/13869

---------Increasing----------
8054
Iter = 0
Size = 8054
Delta = 0.000000
ObjValue = 96433.520989

Iter = 1
Size = 8054
Delta = 0.294078
ObjValue = 4130829.298767

Iter = 2
Size = 8054
Delta = 0.041138
ObjValue = 4130829.298767

B_AB = {{1.000000 0.000000 0.000000 }{0.000000 1.000000 0.000000 }{0.000000 0.000000 1.000000 }}
B_AC = {{1.000000 0.000000 0.000000 }{0.000000 1.000000 0.000000 }{0.000000 0.000000 1.000000 }}
B_BA = {{1.000000 0.000000 0.000000 }{0.000000 1.000000 0.000000 }{0.000000 0.000000 1.000000 }}
B_BC = {{1.000000 0.000000 0.000000 }{0.000000 1.000000 0.000000 }{0.000000 0.000000 1.000000 }}
B_CA = {{1.000000 0.000000 0.000000 }{0.000000 1.000000 0.000000 }{0.000000 0.000000 1.000000 }}
B_CB = {{1.000000 0.000000 0.000000 }{0.000000 1.000000 0.000000 }{0.000000 0.000000 1.000000 }}
0.033736sec per iteration
Global accuracy = 13247/21654
Incremental accuracy = 5729/7785

Processed in 2.013182sec (1.596206sec for IO)
Done.
