----------Computing----------
Iter = 0
Size = 23025
Delta = 0.000000
ObjValue = 81678742.891538

Iter = 1
Size = 23025
Delta = 0.328118
ObjValue = 114892600.629686

Iter = 2
Size = 23025
Delta = 0.154764
ObjValue = 114892600.629686

B_AB = {{0.925425 0.441816 }{0.587181 1.000000 }}
B_AC = {{0.858904 0.423448 }{0.501677 1.000000 }}
B_BA = {{0.925425 0.587181 }{0.441816 1.000000 }}
B_BC = {{1.000000 0.476414 }{0.428441 0.901573 }}
B_CA = {{0.858904 0.501677 }{0.423448 1.000000 }}
B_CB = {{1.000000 0.428441 }{0.476414 0.901573 }}
0.075232sec per iteration
Old accuracy = 27772/31554

Processed in 1.998481sec (1.690722sec for IO)
Done.
