----------Computing----------
Iter = 0
Size = 62383
Delta = 0.000000
ObjValue = 2597060.375194

Iter = 1
Size = 62383
Delta = 0.956062
ObjValue = 509534813.683012

Iter = 2
Size = 62383
Delta = 0.062261
ObjValue = 509534813.683012

B_AB = {{1.000000 0.000000 }{0.000000 1.000000 }}
B_AC = {{1.000000 0.000000 }{0.000000 1.000000 }}
B_BA = {{1.000000 0.000000 }{0.000000 1.000000 }}
B_BC = {{1.000000 0.000000 }{0.000000 1.000000 }}
B_CA = {{1.000000 0.000000 }{0.000000 1.000000 }}
B_CB = {{1.000000 0.000000 }{0.000000 1.000000 }}
0.626747sec per iteration
Old accuracy = 68588/104182

Processed in 2.949308sec (1.674131sec for IO)
Done.
