----------Computing----------
Iter = 0
Size = 62383
Delta = 0.000000
ObjValue = 2597060.375194

Iter = 1
Size = 62383
Delta = 0.979014
ObjValue = 172066761.472419

Iter = 2
Size = 62383
Delta = 0.807359
ObjValue = 172066761.472419

B_AB = {{0.137295 0.070684 }{0.122554 1.000000 }}
B_AC = {{0.453658 0.417821 }{0.252833 1.000000 }}
B_BA = {{0.137295 0.122554 }{0.070684 1.000000 }}
B_BC = {{0.428125 0.419563 }{0.220164 1.000000 }}
B_CA = {{0.453658 0.252833 }{0.417821 1.000000 }}
B_CB = {{0.428125 0.220164 }{0.419563 1.000000 }}
0.938191sec per iteration
Old accuracy = 27006/104182

Processed in 3.621796sec (1.723253sec for IO)
Done.
