----------Computing----------
Iter = 0
Size = 18420
Delta = 0.000000
ObjValue = 47020465.922514

Iter = 1
Size = 18420
Delta = 0.079475
ObjValue = 48322666.493767

Iter = 2
Size = 18420
Delta = 0.078795
ObjValue = 48322666.493767

B_AB = {{1.000000 0.000000 }{0.000000 1.000000 }}
B_AC = {{1.000000 0.000000 }{0.000000 1.000000 }}
B_BA = {{1.000000 0.000000 }{0.000000 1.000000 }}
B_BC = {{1.000000 0.000000 }{0.000000 1.000000 }}
B_CA = {{1.000000 0.000000 }{0.000000 1.000000 }}
B_CB = {{1.000000 0.000000 }{0.000000 1.000000 }}
0.045496sec per iteration
Old accuracy = 20538/24984

---------Recomputing---------
Iter = 0
Size = 18420
Delta = 0.000000
ObjValue = 50139484.714016

Iter = 1
Size = 18420
Delta = 0.059476
ObjValue = 52441740.405484

Iter = 2
Size = 18420
Delta = 0.050752
ObjValue = 52441740.405484

B_AB = {{1.000000 0.000000 }{0.000000 1.000000 }}
B_AC = {{1.000000 0.000000 }{0.000000 1.000000 }}
B_BA = {{1.000000 0.000000 }{0.000000 1.000000 }}
B_BC = {{1.000000 0.000000 }{0.000000 1.000000 }}
B_CA = {{1.000000 0.000000 }{0.000000 1.000000 }}
B_CB = {{1.000000 0.000000 }{0.000000 1.000000 }}
0.062272sec per iteration
Global accuracy = 24055/31554
Incremental accuracy = 3285/6570

Processed in 2.757905sec (2.245305sec for IO)
Done.
