----------Computing----------
Iter = 0
Size = 21480
Delta = 0.000000
ObjValue = 38381265.211385

Iter = 1
Size = 21480
Delta = 0.080745
ObjValue = 38721685.314107

Iter = 2
Size = 21480
Delta = 0.079274
ObjValue = 38721685.314107

B_AB = {{1.000000 0.000000 0.000000 }{0.000000 1.000000 0.000000 }{0.000000 0.000000 1.000000 }}
B_AC = {{1.000000 0.000000 0.000000 }{0.000000 1.000000 0.000000 }{0.000000 0.000000 1.000000 }}
B_BA = {{1.000000 0.000000 0.000000 }{0.000000 1.000000 0.000000 }{0.000000 0.000000 1.000000 }}
B_BC = {{1.000000 0.000000 0.000000 }{0.000000 1.000000 0.000000 }{0.000000 0.000000 1.000000 }}
B_CA = {{1.000000 0.000000 0.000000 }{0.000000 1.000000 0.000000 }{0.000000 0.000000 1.000000 }}
B_CB = {{1.000000 0.000000 0.000000 }{0.000000 1.000000 0.000000 }{0.000000 0.000000 1.000000 }}
0.037929sec per iteration
Old accuracy = 10129/16770

---------Recomputing---------
Iter = 0
Size = 21480
Delta = 0.000000
ObjValue = 39153239.613208

Iter = 1
Size = 21480
Delta = 0.061138
ObjValue = 40074165.959156

Iter = 2
Size = 21480
Delta = 0.050830
ObjValue = 40074165.959156

B_AB = {{1.000000 0.000000 0.000000 }{0.000000 1.000000 0.000000 }{0.000000 0.000000 1.000000 }}
B_AC = {{1.000000 0.000000 0.000000 }{0.000000 1.000000 0.000000 }{0.000000 0.000000 1.000000 }}
B_BA = {{1.000000 0.000000 0.000000 }{0.000000 1.000000 0.000000 }{0.000000 0.000000 1.000000 }}
B_BC = {{1.000000 0.000000 0.000000 }{0.000000 1.000000 0.000000 }{0.000000 0.000000 1.000000 }}
B_CA = {{1.000000 0.000000 0.000000 }{0.000000 1.000000 0.000000 }{0.000000 0.000000 1.000000 }}
B_CB = {{1.000000 0.000000 0.000000 }{0.000000 1.000000 0.000000 }{0.000000 0.000000 1.000000 }}
0.049787sec per iteration
Global accuracy = 11405/21654
Incremental accuracy = 3256/4884

Processed in 2.032257sec (1.634189sec for IO)
Done.
