----------Computing----------
Iter = 0
Size = 23025
Delta = 0.000000
ObjValue = 178888.788919

Iter = 1
Size = 23025
Delta = 0.963952
ObjValue = 313734.800465

Iter = 2
Size = 23025
Delta = 0.005898
ObjValue = 313734.800465

B_AB = {{0.000513 0.000000 }{0.000000 0.000459 }}
B_AC = {{0.010338 0.000000 }{0.000000 0.018028 }}
B_BA = {{0.000513 0.000000 }{0.000000 0.000459 }}
B_BC = {{0.003813 0.000000 }{0.000000 0.004639 }}
B_CA = {{0.010338 0.000000 }{0.000000 0.018028 }}
B_CB = {{0.003813 0.000000 }{0.000000 0.004639 }}
0.255579sec per iteration
Old accuracy = 14456/31554

Processed in 0.956961sec (0.440157sec for IO)
Done.
