----------Computing----------
Iter = 0
Size = 36813
Delta = 0.000000
ObjValue = 386106.884443

Iter = 1
Size = 36813
Delta = 0.995603
ObjValue = 3819081.985689

Iter = 2
Size = 36813
Delta = 0.094145
ObjValue = 3139795.980014

Iter = 3
Size = 36813
Delta = 0.108364
ObjValue = 2996047.162029

Iter = 4
Size = 36813
Delta = 0.067363
ObjValue = 5214273.104854

Iter = 5
Size = 36813
Delta = 0.053018
ObjValue = 8134506.850154

Iter = 6
Size = 36813
Delta = 0.050026
ObjValue = 10018427.825586

Iter = 7
Size = 36813
Delta = 0.040722
ObjValue = 7665709.353435

Iter = 8
Size = 36813
Delta = 0.036003
ObjValue = 8012131.163892

Iter = 9
Size = 36813
Delta = 0.026413
ObjValue = 8387621.234238

Iter = 10
Size = 36813
Delta = 0.033806
ObjValue = 9507585.715489

Iter = 11
Size = 36813
Delta = 0.022524
ObjValue = 7949750.419851

Iter = 12
Size = 36813
Delta = 0.015061
ObjValue = 7523336.301457

Iter = 13
Size = 36813
Delta = 0.015415
ObjValue = 7279792.739647

Iter = 14
Size = 36813
Delta = 0.020907
ObjValue = 8128934.045440

Iter = 15
Size = 36813
Delta = 0.009829
ObjValue = 7585928.223497

Iter = 16
Size = 36813
Delta = 0.009642
ObjValue = 7384261.387416

Iter = 17
Size = 36813
Delta = 0.021633
ObjValue = 6861137.579488

Iter = 18
Size = 36813
Delta = 0.022350
ObjValue = 7684042.573927

Iter = 19
Size = 36813
Delta = 0.016471
ObjValue = 6953036.858254

Iter = 20
Size = 36813
Delta = 0.023719
ObjValue = 7642111.250669

Iter = 21
Size = 36813
Delta = 0.038155
ObjValue = 6581079.888686

Iter = 22
Size = 36813
Delta = 0.042749
ObjValue = 7874507.164632

Iter = 23
Size = 36813
Delta = 0.048333
ObjValue = 6635949.061570

Iter = 24
Size = 36813
Delta = 0.062858
ObjValue = 8307188.359066

Iter = 25
Size = 36813
Delta = 0.085805
ObjValue = 6977627.106746

Iter = 26
Size = 36813
Delta = 0.097374
ObjValue = 8934503.427067

Iter = 27
Size = 36813
Delta = 0.114695
ObjValue = 7251172.235623

Iter = 28
Size = 36813
Delta = 0.131860
ObjValue = 9716560.593058

Iter = 29
Size = 36813
Delta = 0.158528
ObjValue = 7666762.501978

Iter = 30
Size = 36813
Delta = 0.170104
ObjValue = 10714227.171333

Iter = 31
Size = 36813
Delta = 0.192464
ObjValue = 7997129.446774

Iter = 32
Size = 36813
Delta = 0.205633
ObjValue = 11623243.086892

Iter = 33
Size = 36813
Delta = 0.224493
ObjValue = 8343351.158266

Iter = 34
Size = 36813
Delta = 0.229153
ObjValue = 12502308.301730

Iter = 35
Size = 36813
Delta = 0.239581
ObjValue = 8531484.330033

Iter = 36
Size = 36813
Delta = 0.243141
ObjValue = 12943278.582430

Iter = 37
Size = 36813
Delta = 0.249553
ObjValue = 8634338.385885

Iter = 38
Size = 36813
Delta = 0.250257
ObjValue = 13304364.080947

Iter = 39
Size = 36813
Delta = 0.252844
ObjValue = 8677253.021861

Iter = 40
Size = 36813
Delta = 0.251443
ObjValue = 13566750.886262

Iter = 41
Size = 36813
Delta = 0.251719
ObjValue = 8657655.258898

Iter = 42
Size = 36813
Delta = 0.250090
ObjValue = 13779854.919717

Iter = 43
Size = 36813
Delta = 0.247347
ObjValue = 8617736.327868

Iter = 44
Size = 36813
Delta = 0.246196
ObjValue = 13811811.994703

Iter = 45
Size = 36813
Delta = 0.242420
ObjValue = 8573613.653028

Iter = 46
Size = 36813
Delta = 0.241180
ObjValue = 13785313.951059

Iter = 47
Size = 36813
Delta = 0.238377
ObjValue = 8535616.629825

Iter = 48
Size = 36813
Delta = 0.236948
ObjValue = 13777743.373795

Iter = 49
Size = 36813
Delta = 0.233885
ObjValue = 8494065.532590

Iter = 50
Size = 36813
Delta = 0.232563
ObjValue = 13768081.179705

Iter = 51
Size = 36813
Delta = 0.230136
ObjValue = 8456526.631517

Iter = 52
Size = 36813
Delta = 0.228805
ObjValue = 13767050.475043

Iter = 53
Size = 36813
Delta = 0.226546
ObjValue = 8418494.111905

Iter = 54
Size = 36813
Delta = 0.225414
ObjValue = 13770564.072140

Iter = 55
Size = 36813
Delta = 0.223495
ObjValue = 8385641.913944

Iter = 56
Size = 36813
Delta = 0.222351
ObjValue = 13776234.383146

Iter = 57
Size = 36813
Delta = 0.220580
ObjValue = 8353141.961276

Iter = 58
Size = 36813
Delta = 0.219527
ObjValue = 13785898.000937

Iter = 59
Size = 36813
Delta = 0.217931
ObjValue = 8322833.383668

Iter = 60
Size = 36813
Delta = 0.217030
ObjValue = 13797873.717923

Iter = 61
Size = 36813
Delta = 0.215688
ObjValue = 8300187.382256

Iter = 62
Size = 36813
Delta = 0.214715
ObjValue = 13815838.839677

Iter = 63
Size = 36813
Delta = 0.213360
ObjValue = 8281481.364177

Iter = 64
Size = 36813
Delta = 0.212445
ObjValue = 13833083.191117

Iter = 65
Size = 36813
Delta = 0.211227
ObjValue = 8266804.904419

Iter = 66
Size = 36813
Delta = 0.210332
ObjValue = 13850367.166239

Iter = 67
Size = 36813
Delta = 0.209194
ObjValue = 8251226.582525

Iter = 68
Size = 36813
Delta = 0.208090
ObjValue = 13867883.939974

Iter = 69
Size = 36813
Delta = 0.206737
ObjValue = 8228686.059982

Iter = 70
Size = 36813
Delta = 0.205462
ObjValue = 13879790.875997

Iter = 71
Size = 36813
Delta = 0.203741
ObjValue = 8197343.380937

Iter = 72
Size = 36813
Delta = 0.202751
ObjValue = 13889042.122540

Iter = 73
Size = 36813
Delta = 0.201271
ObjValue = 8170793.268869

Iter = 74
Size = 36813
Delta = 0.200286
ObjValue = 13900390.718794

Iter = 75
Size = 36813
Delta = 0.198726
ObjValue = 8144632.528028

Iter = 76
Size = 36813
Delta = 0.197829
ObjValue = 13908141.371272

Iter = 77
Size = 36813
Delta = 0.196250
ObjValue = 8121196.438743

Iter = 78
Size = 36813
Delta = 0.195451
ObjValue = 13913201.642747

Iter = 79
Size = 36813
Delta = 0.193691
ObjValue = 8100552.910555

Iter = 80
Size = 36813
Delta = 0.193141
ObjValue = 13905121.853974

Iter = 81
Size = 36813
Delta = 0.191634
ObjValue = 8087649.213100

Iter = 82
Size = 36813
Delta = 0.191328
ObjValue = 13887564.953346

Iter = 83
Size = 36813
Delta = 0.190192
ObjValue = 8083033.282063

Iter = 84
Size = 36813
Delta = 0.190078
ObjValue = 13869212.315851

Iter = 85
Size = 36813
Delta = 0.189210
ObjValue = 8085193.341187

Iter = 86
Size = 36813
Delta = 0.189175
ObjValue = 13856061.403222

Iter = 87
Size = 36813
Delta = 0.188664
ObjValue = 8091413.473319

Iter = 88
Size = 36813
Delta = 0.188620
ObjValue = 13851673.073989

Iter = 89
Size = 36813
Delta = 0.188236
ObjValue = 8096485.426810

Iter = 90
Size = 36813
Delta = 0.188033
ObjValue = 13859630.670112

Iter = 91
Size = 36813
Delta = 0.187530
ObjValue = 8095643.880119

Iter = 92
Size = 36813
Delta = 0.187211
ObjValue = 13875902.130426

Iter = 93
Size = 36813
Delta = 0.186505
ObjValue = 8088726.420314

Iter = 94
Size = 36813
Delta = 0.186209
ObjValue = 13878397.623361

Iter = 95
Size = 36813
Delta = 0.185513
ObjValue = 8081183.569678

Iter = 96
Size = 36813
Delta = 0.185317
ObjValue = 13877882.398920

Iter = 97
Size = 36813
Delta = 0.184666
ObjValue = 8075317.333610

Iter = 98
Size = 36813
Delta = 0.184472
ObjValue = 13877895.777303

Iter = 99
Size = 36813
Delta = 0.183813
ObjValue = 8068402.667399

Iter = 100
Size = 36813
Delta = 0.183576
ObjValue = 8068402.667399

B_AB = {{0.500000 0.552776 0.605432 0.594776 0.654035 0.641719 0.588485 0.674674 0.643158 0.637528 0.671589 0.674674 0.671589 0.671589 0.671589 0.671589 0.674674 0.671589 0.671589 }{0.503890 0.555838 0.607712 0.597214 0.655531 0.643434 0.591006 0.675854 0.644849 0.639306 0.672813 0.675854 0.672813 0.672813 0.672813 0.672813 0.675854 0.672813 0.672813 }{0.507477 0.558670 0.609831 0.599478 0.656937 0.645039 0.593346 0.676973 0.646433 0.640968 0.673973 0.676973 0.673973 0.673973 0.673973 0.673973 0.676973 0.673973 0.673973 }{0.506758 0.558104 0.609409 0.599026 0.656659 0.644721 0.592879 0.676753 0.646120 0.640638 0.673745 0.676753 0.673745 0.673745 0.673745 0.673745 0.676753 0.673745 0.673745 }{0.511180 0.561564 0.611961 0.601763 0.658300 0.646616 0.595711 0.678027 0.647988 0.642606 0.675070 0.678027 0.675070 0.675070 0.675070 0.675070 0.678027 0.675070 0.675070 }{0.510142 0.560756 0.611371 0.601128 0.657929 0.646184 0.595054 0.677744 0.647562 0.642156 0.674774 0.677744 0.674774 0.674774 0.674774 0.674774 0.677744 0.674774 0.674774 }{0.506329 0.557749 0.609125 0.598728 0.656446 0.644488 0.592573 0.676568 0.645889 0.640400 0.673556 0.676568 0.673556 0.673556 0.673556 0.673556 0.676568 0.673556 0.673556 }{0.512649 0.562714 0.612811 0.602673 0.658849 0.647249 0.596654 0.678454 0.648612 0.643263 0.675514 0.678454 0.675514 0.675514 0.675514 0.675514 0.678454 0.675514 0.675514 }{0.510249 0.560844 0.611439 0.601201 0.657979 0.646239 0.595129 0.677786 0.647616 0.642213 0.674818 0.677786 0.674818 0.674818 0.674818 0.674818 0.677786 0.674818 0.674818 }{0.509830 0.560510 0.611186 0.600931 0.657806 0.646044 0.594850 0.677646 0.647424 0.642011 0.674673 0.677646 0.674673 0.674673 0.674673 0.674673 0.677646 0.674673 0.674673 }{0.512466 0.562576 0.612714 0.602568 0.658794 0.647183 0.596545 0.678417 0.648547 0.643193 0.675474 0.678417 0.675474 0.675474 0.675474 0.675474 0.678417 0.675474 0.675474 }{0.512649 0.562714 0.612811 0.602673 0.658849 0.647249 0.596654 0.678454 0.648612 0.643263 0.675514 0.678454 0.675514 0.675514 0.675514 0.675514 0.678454 0.675514 0.675514 }{0.512466 0.562576 0.612714 0.602568 0.658794 0.647183 0.596545 0.678417 0.648547 0.643193 0.675474 0.678417 0.675474 0.675474 0.675474 0.675474 0.678417 0.675474 0.675474 }{0.512466 0.562576 0.612714 0.602568 0.658794 0.647183 0.596545 0.678417 0.648547 0.643193 0.675474 0.678417 0.675474 0.675474 0.675474 0.675474 0.678417 0.675474 0.675474 }{0.512466 0.562576 0.612714 0.602568 0.658794 0.647183 0.596545 0.678417 0.648547 0.643193 0.675474 0.678417 0.675474 0.675474 0.675474 0.675474 0.678417 0.675474 0.675474 }{0.512466 0.562576 0.612714 0.602568 0.658794 0.647183 0.596545 0.678417 0.648547 0.643193 0.675474 0.678417 0.675474 0.675474 0.675474 0.675474 0.678417 0.675474 0.675474 }{0.512649 0.562714 0.612811 0.602673 0.658849 0.647249 0.596654 0.678454 0.648612 0.643263 0.675514 0.678454 0.675514 0.675514 0.675514 0.675514 0.678454 0.675514 0.675514 }{0.512466 0.562576 0.612714 0.602568 0.658794 0.647183 0.596545 0.678417 0.648547 0.643193 0.675474 0.678417 0.675474 0.675474 0.675474 0.675474 0.678417 0.675474 0.675474 }{0.512466 0.562576 0.612714 0.602568 0.658794 0.647183 0.596545 0.678417 0.648547 0.643193 0.675474 0.678417 0.675474 0.675474 0.675474 0.675474 0.678417 0.675474 0.675474 }}
B_AC = {{0.500000 0.570609 0.640198 0.626515 0.704640 0.687457 0.618111 0.731770 0.689656 0.682596 0.727717 0.731770 0.727717 0.727717 0.727717 0.727717 0.731770 0.727717 0.727717 }{0.503378 0.573189 0.641999 0.628473 0.705708 0.688722 0.620159 0.732531 0.690896 0.683918 0.728524 0.732531 0.728524 0.728524 0.728524 0.728524 0.732531 0.728524 0.728524 }{0.506515 0.575590 0.643685 0.630303 0.706718 0.689914 0.622072 0.733260 0.692065 0.685162 0.729294 0.733260 0.729294 0.729294 0.729294 0.729294 0.733260 0.729294 0.729294 }{0.505885 0.575109 0.643348 0.629938 0.706519 0.689678 0.621690 0.733118 0.691833 0.684915 0.729143 0.733118 0.729143 0.729143 0.729143 0.729143 0.733118 0.729143 0.729143 }{0.509721 0.578023 0.645363 0.632133 0.707686 0.691073 0.623989 0.733931 0.693199 0.686375 0.730008 0.733931 0.730008 0.730008 0.730008 0.730008 0.733931 0.730008 0.730008 }{0.508826 0.577347 0.644900 0.631627 0.707424 0.690757 0.623459 0.733753 0.692890 0.686044 0.729818 0.733753 0.729818 0.729818 0.729818 0.729818 0.733753 0.729818 0.729818 }{0.505515 0.574814 0.643126 0.629700 0.706365 0.689506 0.621445 0.732993 0.691663 0.684738 0.729014 0.732993 0.729014 0.729014 0.729014 0.729014 0.732993 0.729014 0.729014 }{0.511003 0.578997 0.646037 0.632868 0.708078 0.691541 0.624759 0.734206 0.693658 0.686866 0.730300 0.734206 0.730300 0.730300 0.730300 0.730300 0.734206 0.730300 0.730300 }{0.508921 0.577421 0.644955 0.631686 0.707460 0.690798 0.623520 0.733782 0.692931 0.686087 0.729848 0.733782 0.729848 0.729848 0.729848 0.729848 0.733782 0.729848 0.729848 }{0.508561 0.577144 0.644757 0.631472 0.707338 0.690656 0.623297 0.733691 0.692791 0.685939 0.729752 0.733691 0.729752 0.729752 0.729752 0.729752 0.733691 0.729752 0.729752 }{0.510837 0.578875 0.645957 0.632780 0.708038 0.691490 0.624666 0.734182 0.693608 0.686812 0.730274 0.734182 0.730274 0.730274 0.730274 0.730274 0.734182 0.730274 0.730274 }{0.511003 0.578997 0.646037 0.632868 0.708078 0.691541 0.624759 0.734206 0.693658 0.686866 0.730300 0.734206 0.730300 0.730300 0.730300 0.730300 0.734206 0.730300 0.730300 }{0.510837 0.578875 0.645957 0.632780 0.708038 0.691490 0.624666 0.734182 0.693608 0.686812 0.730274 0.734182 0.730274 0.730274 0.730274 0.730274 0.734182 0.730274 0.730274 }{0.510837 0.578875 0.645957 0.632780 0.708038 0.691490 0.624666 0.734182 0.693608 0.686812 0.730274 0.734182 0.730274 0.730274 0.730274 0.730274 0.734182 0.730274 0.730274 }{0.510837 0.578875 0.645957 0.632780 0.708038 0.691490 0.624666 0.734182 0.693608 0.686812 0.730274 0.734182 0.730274 0.730274 0.730274 0.730274 0.734182 0.730274 0.730274 }{0.510837 0.578875 0.645957 0.632780 0.708038 0.691490 0.624666 0.734182 0.693608 0.686812 0.730274 0.734182 0.730274 0.730274 0.730274 0.730274 0.734182 0.730274 0.730274 }{0.511003 0.578997 0.646037 0.632868 0.708078 0.691541 0.624759 0.734206 0.693658 0.686866 0.730300 0.734206 0.730300 0.730300 0.730300 0.730300 0.734206 0.730300 0.730300 }{0.510837 0.578875 0.645957 0.632780 0.708038 0.691490 0.624666 0.734182 0.693608 0.686812 0.730274 0.734182 0.730274 0.730274 0.730274 0.730274 0.734182 0.730274 0.730274 }{0.510837 0.578875 0.645957 0.632780 0.708038 0.691490 0.624666 0.734182 0.693608 0.686812 0.730274 0.734182 0.730274 0.730274 0.730274 0.730274 0.734182 0.730274 0.730274 }}
B_BA = {{0.500000 0.503890 0.507477 0.506758 0.511180 0.510142 0.506329 0.512649 0.510249 0.509830 0.512466 0.512649 0.512466 0.512466 0.512466 0.512466 0.512649 0.512466 0.512466 }{0.552776 0.555838 0.558670 0.558104 0.561564 0.560756 0.557749 0.562714 0.560844 0.560510 0.562576 0.562714 0.562576 0.562576 0.562576 0.562576 0.562714 0.562576 0.562576 }{0.605432 0.607712 0.609831 0.609409 0.611961 0.611371 0.609125 0.612811 0.611439 0.611186 0.612714 0.612811 0.612714 0.612714 0.612714 0.612714 0.612811 0.612714 0.612714 }{0.594776 0.597214 0.599478 0.599026 0.601763 0.601128 0.598728 0.602673 0.601201 0.600931 0.602568 0.602673 0.602568 0.602568 0.602568 0.602568 0.602673 0.602568 0.602568 }{0.654035 0.655531 0.656937 0.656659 0.658300 0.657929 0.656446 0.658849 0.657979 0.657806 0.658794 0.658849 0.658794 0.658794 0.658794 0.658794 0.658849 0.658794 0.658794 }{0.641719 0.643434 0.645039 0.644721 0.646616 0.646184 0.644488 0.647249 0.646239 0.646044 0.647183 0.647249 0.647183 0.647183 0.647183 0.647183 0.647249 0.647183 0.647183 }{0.588485 0.591006 0.593346 0.592879 0.595711 0.595054 0.592573 0.596654 0.595129 0.594850 0.596545 0.596654 0.596545 0.596545 0.596545 0.596545 0.596654 0.596545 0.596545 }{0.674674 0.675854 0.676973 0.676753 0.678027 0.677744 0.676568 0.678454 0.677786 0.677646 0.678417 0.678454 0.678417 0.678417 0.678417 0.678417 0.678454 0.678417 0.678417 }{0.643158 0.644849 0.646433 0.646120 0.647988 0.647562 0.645889 0.648612 0.647616 0.647424 0.648547 0.648612 0.648547 0.648547 0.648547 0.648547 0.648612 0.648547 0.648547 }{0.637528 0.639306 0.640968 0.640638 0.642606 0.642156 0.640400 0.643263 0.642213 0.642011 0.643193 0.643263 0.643193 0.643193 0.643193 0.643193 0.643263 0.643193 0.643193 }{0.671589 0.672813 0.673973 0.673745 0.675070 0.674774 0.673556 0.675514 0.674818 0.674673 0.675474 0.675514 0.675474 0.675474 0.675474 0.675474 0.675514 0.675474 0.675474 }{0.674674 0.675854 0.676973 0.676753 0.678027 0.677744 0.676568 0.678454 0.677786 0.677646 0.678417 0.678454 0.678417 0.678417 0.678417 0.678417 0.678454 0.678417 0.678417 }{0.671589 0.672813 0.673973 0.673745 0.675070 0.674774 0.673556 0.675514 0.674818 0.674673 0.675474 0.675514 0.675474 0.675474 0.675474 0.675474 0.675514 0.675474 0.675474 }{0.671589 0.672813 0.673973 0.673745 0.675070 0.674774 0.673556 0.675514 0.674818 0.674673 0.675474 0.675514 0.675474 0.675474 0.675474 0.675474 0.675514 0.675474 0.675474 }{0.671589 0.672813 0.673973 0.673745 0.675070 0.674774 0.673556 0.675514 0.674818 0.674673 0.675474 0.675514 0.675474 0.675474 0.675474 0.675474 0.675514 0.675474 0.675474 }{0.671589 0.672813 0.673973 0.673745 0.675070 0.674774 0.673556 0.675514 0.674818 0.674673 0.675474 0.675514 0.675474 0.675474 0.675474 0.675474 0.675514 0.675474 0.675474 }{0.674674 0.675854 0.676973 0.676753 0.678027 0.677744 0.676568 0.678454 0.677786 0.677646 0.678417 0.678454 0.678417 0.678417 0.678417 0.678417 0.678454 0.678417 0.678417 }{0.671589 0.672813 0.673973 0.673745 0.675070 0.674774 0.673556 0.675514 0.674818 0.674673 0.675474 0.675514 0.675474 0.675474 0.675474 0.675474 0.675514 0.675474 0.675474 }{0.671589 0.672813 0.673973 0.673745 0.675070 0.674774 0.673556 0.675514 0.674818 0.674673 0.675474 0.675514 0.675474 0.675474 0.675474 0.675474 0.675514 0.675474 0.675474 }}
B_BC = {{0.500000 0.580222 0.659809 0.643933 0.732538 0.713266 0.634399 0.763283 0.715840 0.707720 0.758707 0.763283 0.758707 0.758707 0.758707 0.758707 0.763283 0.758707 0.758707 }{0.561879 0.628835 0.695363 0.682119 0.756025 0.739967 0.674133 0.781688 0.742111 0.735343 0.777863 0.781688 0.777863 0.777863 0.777863 0.777863 0.781688 0.777863 0.777863 }{0.622256 0.676456 0.730425 0.719712 0.779485 0.766518 0.713216 0.800262 0.768247 0.762779 0.797159 0.800262 0.797159 0.797159 0.797159 0.797159 0.800262 0.797159 0.797159 }{0.610041 0.666827 0.723340 0.712114 0.774752 0.761158 0.705317 0.796519 0.762972 0.757240 0.793269 0.796519 0.793269 0.793269 0.793269 0.793269 0.796519 0.793269 0.793269 }{0.679384 0.721254 0.763086 0.754820 0.800930 0.790951 0.749764 0.816983 0.792281 0.788069 0.814578 0.816983 0.814578 0.814578 0.814578 0.814578 0.816983 0.814578 0.814578 }{0.664122 0.709369 0.754523 0.745587 0.795439 0.784641 0.740137 0.812785 0.786080 0.781524 0.810189 0.812785 0.810189 0.810189 0.810189 0.810189 0.812785 0.810189 0.810189 }{0.603106 0.661311 0.719223 0.707716 0.771926 0.757988 0.700752 0.794237 0.759848 0.753971 0.790907 0.794237 0.790907 0.790907 0.790907 0.790907 0.794237 0.790907 0.790907 }{0.703194 0.739993 0.776832 0.769571 0.810061 0.801311 0.765107 0.824171 0.802477 0.798781 0.822053 0.824171 0.822053 0.822053 0.822053 0.822053 0.824171 0.822053 0.822053 }{0.665977 0.710823 0.755583 0.746726 0.796134 0.785433 0.741323 0.813327 0.786860 0.782344 0.810754 0.813327 0.810754 0.810754 0.810754 0.810754 0.813327 0.810754 0.810754 }{0.659572 0.705779 0.751879 0.742752 0.793669 0.782638 0.737190 0.811383 0.784109 0.779454 0.808733 0.811383 0.808733 0.808733 0.808733 0.808733 0.811383 0.808733 0.808733 }{0.699712 0.737241 0.774799 0.767394 0.808693 0.799766 0.762844 0.823083 0.800955 0.797185 0.820924 0.823083 0.820924 0.820924 0.820924 0.820924 0.823083 0.820924 0.820924 }{0.703194 0.739993 0.776832 0.769571 0.810061 0.801311 0.765107 0.824171 0.802477 0.798781 0.822053 0.824171 0.822053 0.822053 0.822053 0.822053 0.824171 0.822053 0.822053 }{0.699712 0.737241 0.774799 0.767394 0.808693 0.799766 0.762844 0.823083 0.800955 0.797185 0.820924 0.823083 0.820924 0.820924 0.820924 0.820924 0.823083 0.820924 0.820924 }{0.699712 0.737241 0.774799 0.767394 0.808693 0.799766 0.762844 0.823083 0.800955 0.797185 0.820924 0.823083 0.820924 0.820924 0.820924 0.820924 0.823083 0.820924 0.820924 }{0.699712 0.737241 0.774799 0.767394 0.808693 0.799766 0.762844 0.823083 0.800955 0.797185 0.820924 0.823083 0.820924 0.820924 0.820924 0.820924 0.823083 0.820924 0.820924 }{0.699712 0.737241 0.774799 0.767394 0.808693 0.799766 0.762844 0.823083 0.800955 0.797185 0.820924 0.823083 0.820924 0.820924 0.820924 0.820924 0.823083 0.820924 0.820924 }{0.703194 0.739993 0.776832 0.769571 0.810061 0.801311 0.765107 0.824171 0.802477 0.798781 0.822053 0.824171 0.822053 0.822053 0.822053 0.822053 0.824171 0.822053 0.822053 }{0.699712 0.737241 0.774799 0.767394 0.808693 0.799766 0.762844 0.823083 0.800955 0.797185 0.820924 0.823083 0.820924 0.820924 0.820924 0.820924 0.823083 0.820924 0.820924 }{0.699712 0.737241 0.774799 0.767394 0.808693 0.799766 0.762844 0.823083 0.800955 0.797185 0.820924 0.823083 0.820924 0.820924 0.820924 0.820924 0.823083 0.820924 0.820924 }}
B_CA = {{0.500000 0.503378 0.506515 0.505885 0.509721 0.508826 0.505515 0.511003 0.508921 0.508561 0.510837 0.511003 0.510837 0.510837 0.510837 0.510837 0.511003 0.510837 0.510837 }{0.570609 0.573189 0.575590 0.575109 0.578023 0.577347 0.574814 0.578997 0.577421 0.577144 0.578875 0.578997 0.578875 0.578875 0.578875 0.578875 0.578997 0.578875 0.578875 }{0.640198 0.641999 0.643685 0.643348 0.645363 0.644900 0.643126 0.646037 0.644955 0.644757 0.645957 0.646037 0.645957 0.645957 0.645957 0.645957 0.646037 0.645957 0.645957 }{0.626515 0.628473 0.630303 0.629938 0.632133 0.631627 0.629700 0.632868 0.631686 0.631472 0.632780 0.632868 0.632780 0.632780 0.632780 0.632780 0.632868 0.632780 0.632780 }{0.704640 0.705708 0.706718 0.706519 0.707686 0.707424 0.706365 0.708078 0.707460 0.707338 0.708038 0.708078 0.708038 0.708038 0.708038 0.708038 0.708078 0.708038 0.708038 }{0.687457 0.688722 0.689914 0.689678 0.691073 0.690757 0.689506 0.691541 0.690798 0.690656 0.691490 0.691541 0.691490 0.691490 0.691490 0.691490 0.691541 0.691490 0.691490 }{0.618111 0.620159 0.622072 0.621690 0.623989 0.623459 0.621445 0.624759 0.623520 0.623297 0.624666 0.624759 0.624666 0.624666 0.624666 0.624666 0.624759 0.624666 0.624666 }{0.731770 0.732531 0.733260 0.733118 0.733931 0.733753 0.732993 0.734206 0.733782 0.733691 0.734182 0.734206 0.734182 0.734182 0.734182 0.734182 0.734206 0.734182 0.734182 }{0.689656 0.690896 0.692065 0.691833 0.693199 0.692890 0.691663 0.693658 0.692931 0.692791 0.693608 0.693658 0.693608 0.693608 0.693608 0.693608 0.693658 0.693608 0.693608 }{0.682596 0.683918 0.685162 0.684915 0.686375 0.686044 0.684738 0.686866 0.686087 0.685939 0.686812 0.686866 0.686812 0.686812 0.686812 0.686812 0.686866 0.686812 0.686812 }{0.727717 0.728524 0.729294 0.729143 0.730008 0.729818 0.729014 0.730300 0.729848 0.729752 0.730274 0.730300 0.730274 0.730274 0.730274 0.730274 0.730300 0.730274 0.730274 }{0.731770 0.732531 0.733260 0.733118 0.733931 0.733753 0.732993 0.734206 0.733782 0.733691 0.734182 0.734206 0.734182 0.734182 0.734182 0.734182 0.734206 0.734182 0.734182 }{0.727717 0.728524 0.729294 0.729143 0.730008 0.729818 0.729014 0.730300 0.729848 0.729752 0.730274 0.730300 0.730274 0.730274 0.730274 0.730274 0.730300 0.730274 0.730274 }{0.727717 0.728524 0.729294 0.729143 0.730008 0.729818 0.729014 0.730300 0.729848 0.729752 0.730274 0.730300 0.730274 0.730274 0.730274 0.730274 0.730300 0.730274 0.730274 }{0.727717 0.728524 0.729294 0.729143 0.730008 0.729818 0.729014 0.730300 0.729848 0.729752 0.730274 0.730300 0.730274 0.730274 0.730274 0.730274 0.730300 0.730274 0.730274 }{0.727717 0.728524 0.729294 0.729143 0.730008 0.729818 0.729014 0.730300 0.729848 0.729752 0.730274 0.730300 0.730274 0.730274 0.730274 0.730274 0.730300 0.730274 0.730274 }{0.731770 0.732531 0.733260 0.733118 0.733931 0.733753 0.732993 0.734206 0.733782 0.733691 0.734182 0.734206 0.734182 0.734182 0.734182 0.734182 0.734206 0.734182 0.734182 }{0.727717 0.728524 0.729294 0.729143 0.730008 0.729818 0.729014 0.730300 0.729848 0.729752 0.730274 0.730300 0.730274 0.730274 0.730274 0.730274 0.730300 0.730274 0.730274 }{0.727717 0.728524 0.729294 0.729143 0.730008 0.729818 0.729014 0.730300 0.729848 0.729752 0.730274 0.730300 0.730274 0.730274 0.730274 0.730274 0.730300 0.730274 0.730274 }}
B_CB = {{0.500000 0.561879 0.622256 0.610041 0.679384 0.664122 0.603106 0.703194 0.665977 0.659572 0.699712 0.703194 0.699712 0.699712 0.699712 0.699712 0.703194 0.699712 0.699712 }{0.580222 0.628835 0.676456 0.666827 0.721254 0.709369 0.661311 0.739993 0.710823 0.705779 0.737241 0.739993 0.737241 0.737241 0.737241 0.737241 0.739993 0.737241 0.737241 }{0.659809 0.695363 0.730425 0.723340 0.763086 0.754523 0.719223 0.776832 0.755583 0.751879 0.774799 0.776832 0.774799 0.774799 0.774799 0.774799 0.776832 0.774799 0.774799 }{0.643933 0.682119 0.719712 0.712114 0.754820 0.745587 0.707716 0.769571 0.746726 0.742752 0.767394 0.769571 0.767394 0.767394 0.767394 0.767394 0.769571 0.767394 0.767394 }{0.732538 0.756025 0.779485 0.774752 0.800930 0.795439 0.771926 0.810061 0.796134 0.793669 0.808693 0.810061 0.808693 0.808693 0.808693 0.808693 0.810061 0.808693 0.808693 }{0.713266 0.739967 0.766518 0.761158 0.790951 0.784641 0.757988 0.801311 0.785433 0.782638 0.799766 0.801311 0.799766 0.799766 0.799766 0.799766 0.801311 0.799766 0.799766 }{0.634399 0.674133 0.713216 0.705317 0.749764 0.740137 0.700752 0.765107 0.741323 0.737190 0.762844 0.765107 0.762844 0.762844 0.762844 0.762844 0.765107 0.762844 0.762844 }{0.763283 0.781688 0.800262 0.796519 0.816983 0.812785 0.794237 0.824171 0.813327 0.811383 0.823083 0.824171 0.823083 0.823083 0.823083 0.823083 0.824171 0.823083 0.823083 }{0.715840 0.742111 0.768247 0.762972 0.792281 0.786080 0.759848 0.802477 0.786860 0.784109 0.800955 0.802477 0.800955 0.800955 0.800955 0.800955 0.802477 0.800955 0.800955 }{0.707720 0.735343 0.762779 0.757240 0.788069 0.781524 0.753971 0.798781 0.782344 0.779454 0.797185 0.798781 0.797185 0.797185 0.797185 0.797185 0.798781 0.797185 0.797185 }{0.758707 0.777863 0.797159 0.793269 0.814578 0.810189 0.790907 0.822053 0.810754 0.808733 0.820924 0.822053 0.820924 0.820924 0.820924 0.820924 0.822053 0.820924 0.820924 }{0.763283 0.781688 0.800262 0.796519 0.816983 0.812785 0.794237 0.824171 0.813327 0.811383 0.823083 0.824171 0.823083 0.823083 0.823083 0.823083 0.824171 0.823083 0.823083 }{0.758707 0.777863 0.797159 0.793269 0.814578 0.810189 0.790907 0.822053 0.810754 0.808733 0.820924 0.822053 0.820924 0.820924 0.820924 0.820924 0.822053 0.820924 0.820924 }{0.758707 0.777863 0.797159 0.793269 0.814578 0.810189 0.790907 0.822053 0.810754 0.808733 0.820924 0.822053 0.820924 0.820924 0.820924 0.820924 0.822053 0.820924 0.820924 }{0.758707 0.777863 0.797159 0.793269 0.814578 0.810189 0.790907 0.822053 0.810754 0.808733 0.820924 0.822053 0.820924 0.820924 0.820924 0.820924 0.822053 0.820924 0.820924 }{0.758707 0.777863 0.797159 0.793269 0.814578 0.810189 0.790907 0.822053 0.810754 0.808733 0.820924 0.822053 0.820924 0.820924 0.820924 0.820924 0.822053 0.820924 0.820924 }{0.763283 0.781688 0.800262 0.796519 0.816983 0.812785 0.794237 0.824171 0.813327 0.811383 0.823083 0.824171 0.823083 0.823083 0.823083 0.823083 0.824171 0.823083 0.823083 }{0.758707 0.777863 0.797159 0.793269 0.814578 0.810189 0.790907 0.822053 0.810754 0.808733 0.820924 0.822053 0.820924 0.820924 0.820924 0.820924 0.822053 0.820924 0.820924 }{0.758707 0.777863 0.797159 0.793269 0.814578 0.810189 0.790907 0.822053 0.810754 0.808733 0.820924 0.822053 0.820924 0.820924 0.820924 0.820924 0.822053 0.820924 0.820924 }}
1.874849sec per iteration
Old accuracy = 1452/5947

Processed in 196.964260sec (0.867974sec for IO)
Done.
