----------Computing----------
Iter = 0
Size = 23025
Delta = 0.000000
ObjValue = 81678742.891538

Iter = 1
Size = 23025
Delta = 0.234311
ObjValue = 114434374.852825

Iter = 2
Size = 23025
Delta = 0.156089
ObjValue = 114434374.852825

B_AB = {{0.934176 0.445577 }{0.605741 1.000000 }}
B_AC = {{0.932787 0.449756 }{0.610244 1.000000 }}
B_BA = {{0.934176 0.605741 }{0.445577 1.000000 }}
B_BC = {{1.000000 0.403771 }{0.416560 0.805499 }}
B_CA = {{0.932787 0.610244 }{0.449756 1.000000 }}
B_CB = {{1.000000 0.416560 }{0.403771 0.805499 }}
0.393052sec per iteration
Old accuracy = 27496/31554

Processed in 2.318913sec (0.768964sec for IO)
Done.
