Inferencer=GRF
Selector=DEG
number of labels is 2
number of labels is 2
Iter = 0
ObjValue = 13017.959892
B =
{{0.708683819891143, 0.13619495299356754}, {0.051583374567046016, 0.10353785254824345}}
{{0.8992248062015504, 0.007751937984496124}, {0.007751937984496124, 0.08527131782945736}}
{{0.708683819891143, 0.051583374567046016}, {0.13619495299356754, 0.10353785254824345}}
{{0.7332731467549403, 0.054468853445681614}, {0.13822850837596548, 0.07402949142341259}}
{{0.8992248062015504, 0.007751937984496124}, {0.007751937984496124, 0.08527131782945736}}
{{0.7332731467549403, 0.13822850837596548}, {0.054468853445681614, 0.07402949142341259}}
Iter = 1
Size = 62383
Delta = 13912.462669
ObjValue = 16147.214069
Iter = 5
Size = 62383
Delta = 2947.177867
ObjValue = 21855.394541
Iter = 10
Size = 62383
Delta = 839.564903
ObjValue = 24423.122282
Iter = 20
Size = 62383
Delta = 86.755025
ObjValue = 25512.238123
Iter = 30
Size = 62383
Delta = 9.889640
ObjValue = 25629.086885
Iter = 40
Size = 62383
Delta = 1.472553
ObjValue = 25643.725970
Iter = 50
Size = 62383
Delta = 0.384752
ObjValue = 25646.633454
Iter = 60
Size = 62383
Delta = 0.168572
ObjValue = 25647.724169
Iter = 70
Size = 62383
Delta = 0.092485
ObjValue = 25648.298815
Iter = 80
Size = 62383
Delta = 0.054163
ObjValue = 25648.632645
Iter = 90
Size = 62383
Delta = 0.032389
ObjValue = 25648.831555
B =
{{0.708683819891143, 0.13619495299356754}, {0.051583374567046016, 0.10353785254824345}}
{{0.8992248062015504, 0.007751937984496124}, {0.007751937984496124, 0.08527131782945736}}
{{0.708683819891143, 0.051583374567046016}, {0.13619495299356754, 0.10353785254824345}}
{{0.7332731467549403, 0.054468853445681614}, {0.13822850837596548, 0.07402949142341259}}
{{0.8992248062015504, 0.007751937984496124}, {0.007751937984496124, 0.08527131782945736}}
{{0.7332731467549403, 0.13822850837596548}, {0.054468853445681614, 0.07402949142341259}}
Processed in 325263.519 ms(update only)
Processed in 326447 ms(total)
Old Accuracy
Totle = 1927(A), 33985(B), 26471(C), 62383(all)
Labeled = 138(A), 1553(B), 1050(C), 2741(all)
AllLabels : [49720, 5112]
TrainLabels : [2177, 564]
Accuracy = 0.875000(A), 0.911199(B), 0.959044(C), 0.929230(all)
BER : 0.0707703824414967
Done.
