Inferencer=MRO
Selector=DEG
number of labels is 2
number of labels is 2
Iter = 0
ObjValue = 13585.052394
B =
{{0.7059977922237213, 0.13675947503986263}, {0.0512694713602355, 0.10597326137618054}}
{{0.8790849673202614, 0.006535947712418301}, {0.006535947712418301, 0.10784313725490197}}
{{0.7059977922237213, 0.0512694713602355}, {0.13675947503986263, 0.10597326137618054}}
{{0.7570916320516917, 0.054638406646075194}, {0.10437746298860369, 0.08389249831362942}}
{{0.8790849673202614, 0.006535947712418301}, {0.006535947712418301, 0.10784313725490197}}
{{0.7570916320516917, 0.10437746298860369}, {0.054638406646075194, 0.08389249831362942}}
Iter = 1
Size = 62383
Delta = 57360.771167
ObjValue = 5515.564076
Iter = 5
Size = 62383
Delta = 928.483975
ObjValue = 5284.423010
Iter = 10
Size = 62383
Delta = 813.082473
ObjValue = 5246.201660
Iter = 20
Size = 62383
Delta = 98.099866
ObjValue = 5234.847669
Iter = 30
Size = 62383
Delta = 66.939995
ObjValue = 5232.068768
Iter = 40
Size = 62383
Delta = 114.752477
ObjValue = 5221.486455
Iter = 50
Size = 62383
Delta = 61.893758
ObjValue = 5215.863396
Iter = 60
Size = 62383
Delta = 36.120770
ObjValue = 5213.190441
Iter = 70
Size = 62383
Delta = 22.070796
ObjValue = 5212.074754
Iter = 80
Size = 62383
Delta = 15.249548
ObjValue = 5211.507474
Iter = 90
Size = 62383
Delta = 10.734409
ObjValue = 5211.221615
B =
{{0.7059977922237213, 0.13675947503986263}, {0.0512694713602355, 0.10597326137618054}}
{{0.8790849673202614, 0.006535947712418301}, {0.006535947712418301, 0.10784313725490197}}
{{0.7059977922237213, 0.0512694713602355}, {0.13675947503986263, 0.10597326137618054}}
{{0.7570916320516917, 0.054638406646075194}, {0.10437746298860369, 0.08389249831362942}}
{{0.8790849673202614, 0.006535947712418301}, {0.006535947712418301, 0.10784313725490197}}
{{0.7570916320516917, 0.10437746298860369}, {0.054638406646075194, 0.08389249831362942}}
Processed in 137494.109 ms(update only)
Processed in 138707 ms(total)
Old Accuracy
Totle = 1927(A), 33985(B), 26471(C), 62383(all)
Labeled = 139(A), 4255(B), 1089(C), 5483(all)
AllLabels : [49720, 5112]
TrainLabels : [3860, 1623]
Accuracy = 0.933333(A), 0.937538(B), 0.731968(C), 0.855873(all)
BER : 0.1441265272404434
Done.
