Inferencer=ARO
Selector=DEG
number of labels is 2
number of labels is 2
Iter = 0
ObjValue = 13017.959892
B =
{{0.708683819891143, 0.13619495299356754}, {0.051583374567046016, 0.10353785254824345}}
{{0.8992248062015504, 0.007751937984496124}, {0.007751937984496124, 0.08527131782945736}}
{{0.708683819891143, 0.051583374567046016}, {0.13619495299356754, 0.10353785254824345}}
{{0.7332731467549403, 0.054468853445681614}, {0.13822850837596548, 0.07402949142341259}}
{{0.8992248062015504, 0.007751937984496124}, {0.007751937984496124, 0.08527131782945736}}
{{0.7332731467549403, 0.13822850837596548}, {0.054468853445681614, 0.07402949142341259}}
Iter = 1
Size = 62383
Delta = 32900.476147
ObjValue = 5435.291547
Iter = 2
Size = 62383
Delta = 2995.011293
ObjValue = 5350.494363
Iter = 3
Size = 62383
Delta = 2065.321676
ObjValue = 5329.611211
Iter = 4
Size = 62383
Delta = 1600.655876
ObjValue = 5317.165685
Iter = 5
Size = 62383
Delta = 1311.348938
ObjValue = 5308.763250
Iter = 6
Size = 62383
Delta = 1104.469105
ObjValue = 5302.782564
Iter = 7
Size = 62383
Delta = 944.436061
ObjValue = 5298.397487
Iter = 8
Size = 62383
Delta = 815.163767
ObjValue = 5295.110242
Iter = 9
Size = 62383
Delta = 708.448371
ObjValue = 5292.594439
Iter = 10
Size = 62383
Delta = 619.394916
ObjValue = 5290.627111
Iter = 11
Size = 62383
Delta = 544.859616
ObjValue = 5289.052111
Iter = 12
Size = 62383
Delta = 482.266612
ObjValue = 5287.758276
Iter = 13
Size = 62383
Delta = 429.502215
ObjValue = 5286.665238
Iter = 14
Size = 62383
Delta = 384.851669
ObjValue = 5285.714161
Iter = 15
Size = 62383
Delta = 347.137823
ObjValue = 5284.861386
Iter = 16
Size = 62383
Delta = 315.149047
ObjValue = 5284.074213
Iter = 17
Size = 62383
Delta = 288.238949
ObjValue = 5283.328098
Iter = 18
Size = 62383
Delta = 265.617019
ObjValue = 5282.604313
Iter = 19
Size = 62383
Delta = 246.603210
ObjValue = 5281.888410
Iter = 20
Size = 62383
Delta = 231.811250
ObjValue = 5281.169311
Iter = 21
Size = 62383
Delta = 220.804653
ObjValue = 5280.438403
Iter = 22
Size = 62383
Delta = 211.907218
ObjValue = 5279.689087
Iter = 23
Size = 62383
Delta = 204.789408
ObjValue = 5278.916145
Iter = 24
Size = 62383
Delta = 199.685881
ObjValue = 5278.115300
Iter = 25
Size = 62383
Delta = 196.310575
ObjValue = 5277.284928
Iter = 26
Size = 62383
Delta = 194.462492
ObjValue = 5276.423204
Iter = 27
Size = 62383
Delta = 193.731506
ObjValue = 5275.527881
Iter = 28
Size = 62383
Delta = 193.717126
ObjValue = 5274.600275
Iter = 29
Size = 62383
Delta = 194.646726
ObjValue = 5273.640856
Iter = 30
Size = 62383
Delta = 196.181070
ObjValue = 5272.649319
Iter = 31
Size = 62383
Delta = 197.992361
ObjValue = 5271.626145
Iter = 32
Size = 62383
Delta = 200.059008
ObjValue = 5270.571866
Iter = 33
Size = 62383
Delta = 202.346901
ObjValue = 5269.487292
Iter = 34
Size = 62383
Delta = 204.772484
ObjValue = 5268.373556
Iter = 35
Size = 62383
Delta = 207.245704
ObjValue = 5267.232760
Iter = 36
Size = 62383
Delta = 209.807255
ObjValue = 5266.066635
Iter = 37
Size = 62383
Delta = 212.262336
ObjValue = 5264.877418
Iter = 38
Size = 62383
Delta = 214.577340
ObjValue = 5263.668699
Iter = 39
Size = 62383
Delta = 216.725308
ObjValue = 5262.443791
Iter = 40
Size = 62383
Delta = 218.750398
ObjValue = 5261.205455
Iter = 41
Size = 62383
Delta = 220.402415
ObjValue = 5259.956733
Iter = 42
Size = 62383
Delta = 221.688246
ObjValue = 5258.701387
Iter = 43
Size = 62383
Delta = 222.556924
ObjValue = 5257.443981
Iter = 44
Size = 62383
Delta = 223.150670
ObjValue = 5256.187561
Iter = 45
Size = 62383
Delta = 223.352963
ObjValue = 5254.934313
Iter = 46
Size = 62383
Delta = 223.102610
ObjValue = 5253.686726
Iter = 47
Size = 62383
Delta = 222.401118
ObjValue = 5252.447184
Iter = 48
Size = 62383
Delta = 221.222680
ObjValue = 5251.217966
Iter = 49
Size = 62383
Delta = 219.654458
ObjValue = 5250.001174
Iter = 50
Size = 62383
Delta = 217.726300
ObjValue = 5248.798810
Iter = 51
Size = 62383
Delta = 215.477041
ObjValue = 5247.612764
Iter = 52
Size = 62383
Delta = 221.392854
ObjValue = 5246.499000
Iter = 53
Size = 62383
Delta = 220.515134
ObjValue = 5245.431828
Iter = 54
Size = 62383
Delta = 216.671844
ObjValue = 5244.402510
Iter = 55
Size = 62383
Delta = 212.120451
ObjValue = 5243.410608
Iter = 56
Size = 62383
Delta = 207.262743
ObjValue = 5242.455233
Iter = 57
Size = 62383
Delta = 202.185177
ObjValue = 5241.535182
Iter = 58
Size = 62383
Delta = 196.844613
ObjValue = 5240.649352
Iter = 59
Size = 62383
Delta = 191.411191
ObjValue = 5239.796396
Iter = 60
Size = 62383
Delta = 185.983945
ObjValue = 5238.974858
Iter = 61
Size = 62383
Delta = 180.613655
ObjValue = 5238.183264
Iter = 62
Size = 62383
Delta = 175.365336
ObjValue = 5237.420116
Iter = 63
Size = 62383
Delta = 170.255946
ObjValue = 5236.683980
Iter = 64
Size = 62383
Delta = 165.567024
ObjValue = 5235.973380
Iter = 65
Size = 62383
Delta = 161.450729
ObjValue = 5235.286883
Iter = 66
Size = 62383
Delta = 157.985145
ObjValue = 5234.622799
Iter = 67
Size = 62383
Delta = 155.098063
ObjValue = 5233.979799
Iter = 68
Size = 62383
Delta = 152.552255
ObjValue = 5233.356711
Iter = 69
Size = 62383
Delta = 150.165633
ObjValue = 5232.752443
Iter = 70
Size = 62383
Delta = 147.905459
ObjValue = 5232.165695
Iter = 71
Size = 62383
Delta = 145.768198
ObjValue = 5231.595509
Iter = 72
Size = 62383
Delta = 143.748651
ObjValue = 5231.041053
Iter = 73
Size = 62383
Delta = 141.834490
ObjValue = 5230.501662
Iter = 74
Size = 62383
Delta = 140.027229
ObjValue = 5229.976628
Iter = 75
Size = 62383
Delta = 138.253854
ObjValue = 5229.465520
Iter = 76
Size = 62383
Delta = 136.283452
ObjValue = 5228.969063
Iter = 77
Size = 62383
Delta = 134.680951
ObjValue = 5228.485089
Iter = 78
Size = 62383
Delta = 133.147685
ObjValue = 5228.012950
Iter = 79
Size = 62383
Delta = 131.670685
ObjValue = 5227.552223
Iter = 80
Size = 62383
Delta = 130.294122
ObjValue = 5227.102249
Iter = 81
Size = 62383
Delta = 128.515767
ObjValue = 5226.664983
Iter = 82
Size = 62383
Delta = 127.138512
ObjValue = 5226.238124
Iter = 83
Size = 62383
Delta = 125.695351
ObjValue = 5225.821720
Iter = 84
Size = 62383
Delta = 124.083131
ObjValue = 5225.416415
Iter = 85
Size = 62383
Delta = 122.701843
ObjValue = 5225.020875
Iter = 86
Size = 62383
Delta = 121.288692
ObjValue = 5224.634981
Iter = 87
Size = 62383
Delta = 119.712637
ObjValue = 5224.259332
Iter = 88
Size = 62383
Delta = 118.215133
ObjValue = 5223.893286
Iter = 89
Size = 62383
Delta = 116.671501
ObjValue = 5223.536936
Iter = 90
Size = 62383
Delta = 114.917097
ObjValue = 5223.191037
B =
{{0.708683819891143, 0.13619495299356754}, {0.051583374567046016, 0.10353785254824345}}
{{0.8992248062015504, 0.007751937984496124}, {0.007751937984496124, 0.08527131782945736}}
{{0.708683819891143, 0.051583374567046016}, {0.13619495299356754, 0.10353785254824345}}
{{0.7332731467549403, 0.054468853445681614}, {0.13822850837596548, 0.07402949142341259}}
{{0.8992248062015504, 0.007751937984496124}, {0.007751937984496124, 0.08527131782945736}}
{{0.7332731467549403, 0.13822850837596548}, {0.054468853445681614, 0.07402949142341259}}
Processed in 257896.546 ms(update only)
Processed in 260172 ms(total)
Old Accuracy
Totle = 1927(A), 33985(B), 26471(C), 62383(all)
Labeled = 138(A), 1553(B), 1050(C), 2741(all)
AllLabels : [49720, 5112]
TrainLabels : [1361, 1380]
Accuracy = 0.750000(A), 0.519271(B), 0.615792(C), 0.555739(all)
BER : 0.44426100478009634
Done.
