Inferencer=MRO
Selector=DEG
number of labels is 2
number of labels is 2
Iter = 0
ObjValue = 13017.959892
B =
{{0.708683819891143, 0.13619495299356754}, {0.051583374567046016, 0.10353785254824345}}
{{0.8992248062015504, 0.007751937984496124}, {0.007751937984496124, 0.08527131782945736}}
{{0.708683819891143, 0.051583374567046016}, {0.13619495299356754, 0.10353785254824345}}
{{0.7332731467549403, 0.054468853445681614}, {0.13822850837596548, 0.07402949142341259}}
{{0.8992248062015504, 0.007751937984496124}, {0.007751937984496124, 0.08527131782945736}}
{{0.7332731467549403, 0.13822850837596548}, {0.054468853445681614, 0.07402949142341259}}
Iter = 1
Size = 62383
Delta = 57335.671386
ObjValue = 5515.554657
Iter = 5
Size = 62383
Delta = 749.374887
ObjValue = 5290.546786
Iter = 10
Size = 62383
Delta = 839.291053
ObjValue = 5255.725454
Iter = 20
Size = 62383
Delta = 112.012501
ObjValue = 5240.957403
Iter = 30
Size = 62383
Delta = 47.719398
ObjValue = 5239.106320
Iter = 40
Size = 62383
Delta = 80.264612
ObjValue = 5230.554521
Iter = 50
Size = 62383
Delta = 58.412669
ObjValue = 5225.375672
Iter = 60
Size = 62383
Delta = 36.681145
ObjValue = 5222.379461
Iter = 70
Size = 62383
Delta = 22.743032
ObjValue = 5220.732522
Iter = 80
Size = 62383
Delta = 14.149653
ObjValue = 5219.916131
Iter = 90
Size = 62383
Delta = 9.102360
ObjValue = 5219.469728
B =
{{0.708683819891143, 0.13619495299356754}, {0.051583374567046016, 0.10353785254824345}}
{{0.8992248062015504, 0.007751937984496124}, {0.007751937984496124, 0.08527131782945736}}
{{0.708683819891143, 0.051583374567046016}, {0.13619495299356754, 0.10353785254824345}}
{{0.7332731467549403, 0.054468853445681614}, {0.13822850837596548, 0.07402949142341259}}
{{0.8992248062015504, 0.007751937984496124}, {0.007751937984496124, 0.08527131782945736}}
{{0.7332731467549403, 0.13822850837596548}, {0.054468853445681614, 0.07402949142341259}}
Processed in 136020.124 ms(update only)
Processed in 137161 ms(total)
Old Accuracy
Totle = 1927(A), 33985(B), 26471(C), 62383(all)
Labeled = 138(A), 1553(B), 1050(C), 2741(all)
AllLabels : [49720, 5112]
TrainLabels : [1640, 1101]
Accuracy = 0.875000(A), 0.934694(B), 0.733366(C), 0.858757(all)
BER : 0.14124320886742203
Done.
