Inferencer=ARO
Selector=DEG
number of labels is 2
number of labels is 2
Iter = 0
ObjValue = 13017.959892
B =
{{0.708683819891143, 0.13619495299356754}, {0.051583374567046016, 0.10353785254824345}}
{{0.8992248062015504, 0.007751937984496124}, {0.007751937984496124, 0.08527131782945736}}
{{0.708683819891143, 0.051583374567046016}, {0.13619495299356754, 0.10353785254824345}}
{{0.7332731467549403, 0.054468853445681614}, {0.13822850837596548, 0.07402949142341259}}
{{0.8992248062015504, 0.007751937984496124}, {0.007751937984496124, 0.08527131782945736}}
{{0.7332731467549403, 0.13822850837596548}, {0.054468853445681614, 0.07402949142341259}}
Iter = 1
Size = 62383
Delta = 32900.476147
ObjValue = 5435.852257
Iter = 5
Size = 62383
Delta = 1286.747340
ObjValue = 5310.613542
Iter = 10
Size = 62383
Delta = 590.635993
ObjValue = 5293.176114
Iter = 20
Size = 62383
Delta = 214.639803
ObjValue = 5284.150008
Iter = 30
Size = 62383
Delta = 183.755359
ObjValue = 5276.108383
Iter = 40
Size = 62383
Delta = 217.324033
ObjValue = 5264.963472
Iter = 50
Size = 62383
Delta = 233.477201
ObjValue = 5252.176258
Iter = 60
Size = 62383
Delta = 214.421511
ObjValue = 5240.777129
Iter = 70
Size = 62383
Delta = 175.025592
ObjValue = 5232.885808
Iter = 80
Size = 62383
Delta = 140.556221
ObjValue = 5227.565487
Iter = 90
Size = 62383
Delta = 106.990368
ObjValue = 5224.121689
B =
{{0.708683819891143, 0.13619495299356754}, {0.051583374567046016, 0.10353785254824345}}
{{0.8992248062015504, 0.007751937984496124}, {0.007751937984496124, 0.08527131782945736}}
{{0.708683819891143, 0.051583374567046016}, {0.13619495299356754, 0.10353785254824345}}
{{0.7332731467549403, 0.054468853445681614}, {0.13822850837596548, 0.07402949142341259}}
{{0.8992248062015504, 0.007751937984496124}, {0.007751937984496124, 0.08527131782945736}}
{{0.7332731467549403, 0.13822850837596548}, {0.054468853445681614, 0.07402949142341259}}
Processed in 143868.742 ms(update only)
Processed in 145051 ms(total)
Old Accuracy
Totle = 1927(A), 33985(B), 26471(C), 62383(all)
Labeled = 138(A), 1553(B), 1050(C), 2741(all)
AllLabels : [49720, 5112]
TrainLabels : [1429, 1312]
Accuracy = 0.750000(A), 0.688363(B), 0.625159(C), 0.664549(all)
BER : 0.33545142155074764
Done.
