Inferencer=ARO
Selector=DEG
number of labels is 2
number of labels is 2
Iter = 0
ObjValue = 13585.052394
B =
{{0.7059977922237213, 0.13675947503986263}, {0.0512694713602355, 0.10597326137618054}}
{{0.8790849673202614, 0.006535947712418301}, {0.006535947712418301, 0.10784313725490197}}
{{0.7059977922237213, 0.0512694713602355}, {0.13675947503986263, 0.10597326137618054}}
{{0.7570916320516917, 0.054638406646075194}, {0.10437746298860369, 0.08389249831362942}}
{{0.8790849673202614, 0.006535947712418301}, {0.006535947712418301, 0.10784313725490197}}
{{0.7570916320516917, 0.10437746298860369}, {0.054638406646075194, 0.08389249831362942}}
Iter = 1
Size = 62383
Delta = 32957.131680
ObjValue = 5423.486199
Iter = 5
Size = 62383
Delta = 1351.156919
ObjValue = 5312.876223
Iter = 10
Size = 62383
Delta = 697.179677
ObjValue = 5292.130905
Iter = 20
Size = 62383
Delta = 388.156717
ObjValue = 5273.252170
Iter = 30
Size = 62383
Delta = 357.293703
ObjValue = 5251.436785
Iter = 40
Size = 62383
Delta = 306.047775
ObjValue = 5229.502766
Iter = 50
Size = 62383
Delta = 183.396852
ObjValue = 5218.331788
Iter = 60
Size = 62383
Delta = 99.628949
ObjValue = 5214.038315
Iter = 70
Size = 62383
Delta = 54.662211
ObjValue = 5212.230422
Iter = 80
Size = 62383
Delta = 35.219925
ObjValue = 5211.391629
Iter = 90
Size = 62383
Delta = 26.721514
ObjValue = 5210.973914
B =
{{0.7059977922237213, 0.13675947503986263}, {0.0512694713602355, 0.10597326137618054}}
{{0.8790849673202614, 0.006535947712418301}, {0.006535947712418301, 0.10784313725490197}}
{{0.7059977922237213, 0.0512694713602355}, {0.13675947503986263, 0.10597326137618054}}
{{0.7570916320516917, 0.054638406646075194}, {0.10437746298860369, 0.08389249831362942}}
{{0.8790849673202614, 0.006535947712418301}, {0.006535947712418301, 0.10784313725490197}}
{{0.7570916320516917, 0.10437746298860369}, {0.054638406646075194, 0.08389249831362942}}
Processed in 144676.614 ms(update only)
Processed in 145912 ms(total)
Old Accuracy
Totle = 1927(A), 33985(B), 26471(C), 62383(all)
Labeled = 139(A), 4255(B), 1089(C), 5483(all)
AllLabels : [49720, 5112]
TrainLabels : [3515, 1968]
Accuracy = 0.800000(A), 0.914867(B), 0.708988(C), 0.833046(all)
BER : 0.16695373766439037
Done.
