Inferencer=GRF
Selector=DEG
number of labels is 2
number of labels is 2
Iter = 0
ObjValue = 13585.052394
B =
{{0.7059977922237213, 0.13675947503986263}, {0.0512694713602355, 0.10597326137618054}}
{{0.8790849673202614, 0.006535947712418301}, {0.006535947712418301, 0.10784313725490197}}
{{0.7059977922237213, 0.0512694713602355}, {0.13675947503986263, 0.10597326137618054}}
{{0.7570916320516917, 0.054638406646075194}, {0.10437746298860369, 0.08389249831362942}}
{{0.8790849673202614, 0.006535947712418301}, {0.006535947712418301, 0.10784313725490197}}
{{0.7570916320516917, 0.10437746298860369}, {0.054638406646075194, 0.08389249831362942}}
Iter = 1
Size = 62383
Delta = 14938.998269
ObjValue = 17079.134606
Iter = 5
Size = 62383
Delta = 2690.732537
ObjValue = 23095.712546
Iter = 10
Size = 62383
Delta = 655.202804
ObjValue = 25442.582259
Iter = 20
Size = 62383
Delta = 47.875251
ObjValue = 26225.342722
Iter = 30
Size = 62383
Delta = 4.436777
ObjValue = 26286.575873
Iter = 40
Size = 62383
Delta = 0.779407
ObjValue = 26293.862947
Iter = 50
Size = 62383
Delta = 0.292256
ObjValue = 26295.922567
Iter = 60
Size = 62383
Delta = 0.152397
ObjValue = 26296.940814
Iter = 70
Size = 62383
Delta = 0.087244
ObjValue = 26297.524218
Iter = 80
Size = 62383
Delta = 0.051592
ObjValue = 26297.870077
Iter = 90
Size = 62383
Delta = 0.030970
ObjValue = 26298.077374
B =
{{0.7059977922237213, 0.13675947503986263}, {0.0512694713602355, 0.10597326137618054}}
{{0.8790849673202614, 0.006535947712418301}, {0.006535947712418301, 0.10784313725490197}}
{{0.7059977922237213, 0.0512694713602355}, {0.13675947503986263, 0.10597326137618054}}
{{0.7570916320516917, 0.054638406646075194}, {0.10437746298860369, 0.08389249831362942}}
{{0.8790849673202614, 0.006535947712418301}, {0.006535947712418301, 0.10784313725490197}}
{{0.7570916320516917, 0.10437746298860369}, {0.054638406646075194, 0.08389249831362942}}
Processed in 314557.563 ms(update only)
Processed in 315809 ms(total)
Old Accuracy
Totle = 1927(A), 33985(B), 26471(C), 62383(all)
Labeled = 139(A), 4255(B), 1089(C), 5483(all)
AllLabels : [49720, 5112]
TrainLabels : [4429, 1054]
Accuracy = 0.933333(A), 0.918634(B), 0.963171(C), 0.936331(all)
BER : 0.06366896998926025
Done.
