Inferencer=ARO
Selector=DEG
number of labels is 2
number of labels is 2
Iter = 0
ObjValue = 13585.052394
B =
{{0.7059977922237213, 0.13675947503986263}, {0.0512694713602355, 0.10597326137618054}}
{{0.8790849673202614, 0.006535947712418301}, {0.006535947712418301, 0.10784313725490197}}
{{0.7059977922237213, 0.0512694713602355}, {0.13675947503986263, 0.10597326137618054}}
{{0.7570916320516917, 0.054638406646075194}, {0.10437746298860369, 0.08389249831362942}}
{{0.8790849673202614, 0.006535947712418301}, {0.006535947712418301, 0.10784313725490197}}
{{0.7570916320516917, 0.10437746298860369}, {0.054638406646075194, 0.08389249831362942}}
Iter = 1
Size = 62383
Delta = 32957.131680
ObjValue = 5424.221728
Iter = 5
Size = 62383
Delta = 1326.340553
ObjValue = 5315.143614
Iter = 10
Size = 62383
Delta = 671.578899
ObjValue = 5295.354901
Iter = 20
Size = 62383
Delta = 360.024649
ObjValue = 5277.361901
Iter = 30
Size = 62383
Delta = 329.639441
ObjValue = 5256.706065
Iter = 40
Size = 62383
Delta = 292.258231
ObjValue = 5234.874215
Iter = 50
Size = 62383
Delta = 181.069239
ObjValue = 5223.001203
Iter = 60
Size = 62383
Delta = 94.671655
ObjValue = 5218.637414
Iter = 70
Size = 62383
Delta = 51.020687
ObjValue = 5217.010165
Iter = 80
Size = 62383
Delta = 32.510184
ObjValue = 5216.316458
Iter = 90
Size = 62383
Delta = 24.801788
ObjValue = 5215.983342
B =
{{0.7059977922237213, 0.13675947503986263}, {0.0512694713602355, 0.10597326137618054}}
{{0.8790849673202614, 0.006535947712418301}, {0.006535947712418301, 0.10784313725490197}}
{{0.7059977922237213, 0.0512694713602355}, {0.13675947503986263, 0.10597326137618054}}
{{0.7570916320516917, 0.054638406646075194}, {0.10437746298860369, 0.08389249831362942}}
{{0.8790849673202614, 0.006535947712418301}, {0.006535947712418301, 0.10784313725490197}}
{{0.7570916320516917, 0.10437746298860369}, {0.054638406646075194, 0.08389249831362942}}
Processed in 148103.311 ms(update only)
Processed in 149336 ms(total)
Old Accuracy
Totle = 1927(A), 33985(B), 26471(C), 62383(all)
Labeled = 139(A), 4255(B), 1089(C), 5483(all)
AllLabels : [49720, 5112]
TrainLabels : [3629, 1854]
Accuracy = 0.800000(A), 0.931551(B), 0.705213(C), 0.841598(all)
BER : 0.1584023992380797
Done.
