Inferencer=MRO
Selector=DEG
number of labels is 2
number of labels is 2
Iter = 0
ObjValue = 13585.052394
B =
{{0.7059977922237213, 0.13675947503986263}, {0.0512694713602355, 0.10597326137618054}}
{{0.8790849673202614, 0.006535947712418301}, {0.006535947712418301, 0.10784313725490197}}
{{0.7059977922237213, 0.0512694713602355}, {0.13675947503986263, 0.10597326137618054}}
{{0.7570916320516917, 0.054638406646075194}, {0.10437746298860369, 0.08389249831362942}}
{{0.8790849673202614, 0.006535947712418301}, {0.006535947712418301, 0.10784313725490197}}
{{0.7570916320516917, 0.10437746298860369}, {0.054638406646075194, 0.08389249831362942}}
Iter = 1
Size = 62383
Delta = 57298.847538
ObjValue = 5517.101524
Iter = 5
Size = 62383
Delta = 892.176112
ObjValue = 5288.563093
Iter = 10
Size = 62383
Delta = 856.715266
ObjValue = 5249.848714
Iter = 20
Size = 62383
Delta = 89.669004
ObjValue = 5238.379914
Iter = 30
Size = 62383
Delta = 56.064916
ObjValue = 5235.483286
Iter = 40
Size = 62383
Delta = 100.053465
ObjValue = 5225.600970
Iter = 50
Size = 62383
Delta = 54.619020
ObjValue = 5220.365856
Iter = 60
Size = 62383
Delta = 30.223319
ObjValue = 5217.892421
Iter = 70
Size = 62383
Delta = 16.508610
ObjValue = 5216.872194
Iter = 80
Size = 62383
Delta = 10.258530
ObjValue = 5216.356951
Iter = 90
Size = 62383
Delta = 6.386050
ObjValue = 5216.092547
B =
{{0.7059977922237213, 0.13675947503986263}, {0.0512694713602355, 0.10597326137618054}}
{{0.8790849673202614, 0.006535947712418301}, {0.006535947712418301, 0.10784313725490197}}
{{0.7059977922237213, 0.0512694713602355}, {0.13675947503986263, 0.10597326137618054}}
{{0.7570916320516917, 0.054638406646075194}, {0.10437746298860369, 0.08389249831362942}}
{{0.8790849673202614, 0.006535947712418301}, {0.006535947712418301, 0.10784313725490197}}
{{0.7570916320516917, 0.10437746298860369}, {0.054638406646075194, 0.08389249831362942}}
Processed in 137187.580 ms(update only)
Processed in 138424 ms(total)
Old Accuracy
Totle = 1927(A), 33985(B), 26471(C), 62383(all)
Labeled = 139(A), 4255(B), 1089(C), 5483(all)
AllLabels : [49720, 5112]
TrainLabels : [3849, 1634]
Accuracy = 0.866667(A), 0.936091(B), 0.729060(C), 0.853827(all)
BER : 0.14617317458976092
Done.
