Inferencer=ARO
Selector=DEG
number of labels is 2
number of labels is 2
Iter = 0
ObjValue = 13017.959892
B =
{{0.708683819891143, 0.13619495299356754}, {0.051583374567046016, 0.10353785254824345}}
{{0.8992248062015504, 0.007751937984496124}, {0.007751937984496124, 0.08527131782945736}}
{{0.708683819891143, 0.051583374567046016}, {0.13619495299356754, 0.10353785254824345}}
{{0.7332731467549403, 0.054468853445681614}, {0.13822850837596548, 0.07402949142341259}}
{{0.8992248062015504, 0.007751937984496124}, {0.007751937984496124, 0.08527131782945736}}
{{0.7332731467549403, 0.13822850837596548}, {0.054468853445681614, 0.07402949142341259}}
Iter = 1
Size = 62383
Delta = 32900.476147
ObjValue = 5435.291547
Iter = 5
Size = 62383
Delta = 1311.348938
ObjValue = 5308.763250
Iter = 10
Size = 62383
Delta = 619.394916
ObjValue = 5290.627111
Iter = 20
Size = 62383
Delta = 231.811250
ObjValue = 5281.169311
Iter = 30
Size = 62383
Delta = 196.181070
ObjValue = 5272.649319
Iter = 40
Size = 62383
Delta = 218.750398
ObjValue = 5261.205455
Iter = 50
Size = 62383
Delta = 217.726300
ObjValue = 5248.798810
Iter = 60
Size = 62383
Delta = 185.983945
ObjValue = 5238.974858
Iter = 70
Size = 62383
Delta = 147.905459
ObjValue = 5232.165695
Iter = 80
Size = 62383
Delta = 130.294122
ObjValue = 5227.102249
Iter = 90
Size = 62383
Delta = 114.917097
ObjValue = 5223.191037
B =
{{0.708683819891143, 0.13619495299356754}, {0.051583374567046016, 0.10353785254824345}}
{{0.8992248062015504, 0.007751937984496124}, {0.007751937984496124, 0.08527131782945736}}
{{0.708683819891143, 0.051583374567046016}, {0.13619495299356754, 0.10353785254824345}}
{{0.7332731467549403, 0.054468853445681614}, {0.13822850837596548, 0.07402949142341259}}
{{0.8992248062015504, 0.007751937984496124}, {0.007751937984496124, 0.08527131782945736}}
{{0.7332731467549403, 0.13822850837596548}, {0.054468853445681614, 0.07402949142341259}}
Processed in 144210.855 ms(update only)
Processed in 145392 ms(total)
Old Accuracy
Totle = 1927(A), 33985(B), 26471(C), 62383(all)
Labeled = 138(A), 1553(B), 1050(C), 2741(all)
AllLabels : [49720, 5112]
TrainLabels : [1361, 1380]
Accuracy = 0.750000(A), 0.519271(B), 0.615792(C), 0.555739(all)
BER : 0.44426100478009634
Done.
