Inferencer=MRO
Selector=DEG
number of labels is 2
number of labels is 2
Iter = 0
ObjValue = 13017.959892
B =
{{0.708683819891143, 0.13619495299356754}, {0.051583374567046016, 0.10353785254824345}}
{{0.8992248062015504, 0.007751937984496124}, {0.007751937984496124, 0.08527131782945736}}
{{0.708683819891143, 0.051583374567046016}, {0.13619495299356754, 0.10353785254824345}}
{{0.7332731467549403, 0.054468853445681614}, {0.13822850837596548, 0.07402949142341259}}
{{0.8992248062015504, 0.007751937984496124}, {0.007751937984496124, 0.08527131782945736}}
{{0.7332731467549403, 0.13822850837596548}, {0.054468853445681614, 0.07402949142341259}}
Iter = 1
Size = 62383
Delta = 57362.588465
ObjValue = 5514.804589
Iter = 5
Size = 62383
Delta = 778.913663
ObjValue = 5287.257724
Iter = 10
Size = 62383
Delta = 806.003430
ObjValue = 5252.875707
Iter = 20
Size = 62383
Delta = 119.528715
ObjValue = 5238.251238
Iter = 30
Size = 62383
Delta = 58.432463
ObjValue = 5236.363955
Iter = 40
Size = 62383
Delta = 90.598557
ObjValue = 5227.223542
Iter = 50
Size = 62383
Delta = 66.739046
ObjValue = 5221.586038
Iter = 60
Size = 62383
Delta = 40.682751
ObjValue = 5218.427429
Iter = 70
Size = 62383
Delta = 27.314935
ObjValue = 5216.670027
Iter = 80
Size = 62383
Delta = 18.550467
ObjValue = 5215.809881
Iter = 90
Size = 62383
Delta = 13.210756
ObjValue = 5215.316245
B =
{{0.708683819891143, 0.13619495299356754}, {0.051583374567046016, 0.10353785254824345}}
{{0.8992248062015504, 0.007751937984496124}, {0.007751937984496124, 0.08527131782945736}}
{{0.708683819891143, 0.051583374567046016}, {0.13619495299356754, 0.10353785254824345}}
{{0.7332731467549403, 0.054468853445681614}, {0.13822850837596548, 0.07402949142341259}}
{{0.8992248062015504, 0.007751937984496124}, {0.007751937984496124, 0.08527131782945736}}
{{0.7332731467549403, 0.13822850837596548}, {0.054468853445681614, 0.07402949142341259}}
Processed in 136808.033 ms(update only)
Processed in 137947 ms(total)
Old Accuracy
Totle = 1927(A), 33985(B), 26471(C), 62383(all)
Labeled = 138(A), 1553(B), 1050(C), 2741(all)
AllLabels : [49720, 5112]
TrainLabels : [1615, 1126]
Accuracy = 0.875000(A), 0.936174(B), 0.735046(C), 0.860312(all)
BER : 0.13968823775859623
Done.
