Y0 =

    0.5000    0.5000
    0.5000    0.5000
    1.0000         0
    0.5000    0.5000
    0.5000    0.5000
    0.5000    0.5000
    0.5000    0.5000
         0    1.0000


objective =

    5.5485


Y =

    1.0000         0
    0.2000    0.8000
    0.9500    0.0500
    1.0000         0
    0.2500    0.7500
    0.2500    0.7500
    0.5000    0.5000
    0.0385    0.9615


objective =

    4.9818


Y =

    1.1017   -0.1017
    0.3283    0.6717
    0.9959    0.0041
    0.7315    0.2685
    0.1127    0.8873
    0.1127    0.8873
    0.5000    0.5000
    0.0012    0.9988


objective =

    4.9789


Y =

    1.0100   -0.0100
    0.2603    0.7397
    0.9873    0.0127
    0.7469    0.2531
    0.1699    0.8301
    0.1699    0.8301
    0.5000    0.5000
   -0.0025    1.0025


objective =

    4.7455


Y =

    1.0427   -0.0427
    0.2572    0.7428
    0.9903    0.0097
    0.7507    0.2493
    0.1306    0.8694
    0.1306    0.8694
    0.5000    0.5000
   -0.0404    1.0404


objective =

    4.9297


Y =

    1.0045   -0.0045
    0.2703    0.7297
    0.9731    0.0269
    0.7391    0.2609
    0.1552    0.8448
    0.1552    0.8448
    0.5000    0.5000
   -0.0295    1.0295


objective =

    4.7840


Y =

    1.0251   -0.0251
    0.2610    0.7390
    0.9825    0.0175
    0.7541    0.2459
    0.1380    0.8620
    0.1380    0.8620
    0.5000    0.5000
   -0.0477    1.0477


objective =

    4.9010


Y =

    1.0068   -0.0068
    0.2715    0.7285
    0.9729    0.0271
    0.7444    0.2556
    0.1511    0.8489
    0.1511    0.8489
    0.5000    0.5000
   -0.0369    1.0369


objective =

    4.8129


Y =

    1.0198   -0.0198
    0.2646    0.7354
    0.9797    0.0203
    0.7534    0.2466
    0.1415    0.8585
    0.1415    0.8585
    0.5000    0.5000
   -0.0462    1.0462


objective =

    4.8811


Y =

    1.0096   -0.0096
    0.2705    0.7295
    0.9744    0.0256
    0.7470    0.2530
    0.1490    0.8510
    0.1490    0.8510
    0.5000    0.5000
   -0.0392    1.0392


objective =

    4.8288


Y =

    1.0174   -0.0174
    0.2662    0.7338
    0.9785    0.0215
    0.7521    0.2479
    0.1433    0.8567
    0.1433    0.8567
    0.5000    0.5000
   -0.0445    1.0445
