Y0 =

    0.5000    0.5000
    0.5000    0.5000
         0    1.0000
    0.5000    0.5000
    0.5000    0.5000
    0.5000    0.5000
    0.5000    0.5000
    1.0000         0


Y =

    4.0000    5.0000
    0.5000    0.5000
         0    1.0000
    0.5000    0.5000
    0.5000    0.5000
    0.5000    0.5000
    0.5000    0.5000
    1.0000         0


Y =

    4.0000    5.0000
   13.0000   11.0000
         0    1.0000
    0.5000    0.5000
    0.5000    0.5000
    0.5000    0.5000
    0.5000    0.5000
    1.0000         0


Y =

   1.0e+03 *

    0.0040    0.0050
    0.0130    0.0110
    1.7360    1.5390
    0.0005    0.0005
    0.0005    0.0005
    0.0005    0.0005
    0.0005    0.0005
    0.0010         0


Y =

   1.0e+03 *

    0.0040    0.0050
    0.0130    0.0110
    1.7360    1.5390
    5.9530    5.2700
    0.0005    0.0005
    0.0005    0.0005
    0.0005    0.0005
    0.0010         0


Y =

   1.0e+03 *

    0.0040    0.0050
    0.0130    0.0110
    1.7360    1.5390
    5.9530    5.2700
    4.5780    4.0490
    0.0005    0.0005
    0.0005    0.0005
    0.0010         0


Y =

   1.0e+03 *

    0.0040    0.0050
    0.0130    0.0110
    1.7360    1.5390
    5.9530    5.2700
    4.5780    4.0490
    4.5780    4.0490
    0.0005    0.0005
    0.0010         0


Y =

   1.0e+12 *

    0.0000    0.0000
    0.0000    0.0000
    0.0000    0.0000
    0.0000    0.0000
    0.0000    0.0000
    0.0000    0.0000
    2.4164    2.1383
    0.0000         0


Y =

   1.0e+12 *

    0.0000    0.0000
    0.0000    0.0000
    0.0000    0.0000
    0.0000    0.0000
    0.0000    0.0000
    0.0000    0.0000
    2.4164    2.1383
    1.3137    1.1624