Y0 =

    0.5000    0.5000
    0.5000    0.5000
    1.0000         0
    0.5000    0.5000
    0.5000    0.5000
    0.5000    0.5000
    0.5000    0.5000
         0    1.0000


objective =

    9.5000


Y =

    0.5858    0.4142
    0.4495    0.5505
    1.0000         0
    0.5635    0.4365
    0.4772    0.5228
    0.4772    0.5228
    0.5000    0.5000
         0    1.0000


objective =

    8.7531


Y =

    0.6632    0.3368
    0.4086    0.5914
    1.0000         0
    0.6195    0.3805
    0.4429    0.5571
    0.4429    0.5571
    0.5000    0.5000
         0    1.0000


objective =

    8.0504


Y =

    0.7313    0.2687
    0.3755    0.6245
    1.0000         0
    0.6660    0.3340
    0.4011    0.5989
    0.4011    0.5989
    0.5000    0.5000
         0    1.0000


objective =

    7.3928


Y =

    0.7889    0.2111
    0.3491    0.6509
    1.0000         0
    0.7024    0.2976
    0.3569    0.6431
    0.3569    0.6431
    0.5000    0.5000
         0    1.0000


objective =

    6.8067


Y =

    0.8354    0.1646
    0.3282    0.6718
    1.0000         0
    0.7293    0.2707
    0.3148    0.6852
    0.3148    0.6852
    0.5000    0.5000
         0    1.0000


objective =

    6.3187


Y =

    0.8713    0.1287
    0.3122    0.6878
    1.0000         0
    0.7480    0.2520
    0.2777    0.7223
    0.2777    0.7223
    0.5000    0.5000
         0    1.0000


objective =

    5.9376


Y =

    0.8982    0.1018
    0.3001    0.6999
    1.0000         0
    0.7604    0.2396
    0.2468    0.7532
    0.2468    0.7532
    0.5000    0.5000
         0    1.0000


objective =

    5.6535


Y =

    0.9182    0.0818
    0.2912    0.7088
    1.0000         0
    0.7681    0.2319
    0.2219    0.7781
    0.2219    0.7781
    0.5000    0.5000
         0    1.0000


objective =

    5.4470


Y =

    0.9330    0.0670
    0.2848    0.7152
    1.0000         0
    0.7726    0.2274
    0.2021    0.7979
    0.2021    0.7979
    0.5000    0.5000
         0    1.0000


objective =

    5.2979


Y =

    0.9441    0.0559
    0.2802    0.7198
    1.0000         0
    0.7748    0.2252
    0.1865    0.8135
    0.1865    0.8135
    0.5000    0.5000
         0    1.0000
