Y0 =

    0.5000    0.5000
    0.5000    0.5000
    1.0000         0
    0.5000    0.5000
    0.5000    0.5000
    0.5000    0.5000
    0.5000    0.5000
         0    1.0000


objective =

    9.5000


Y =

    0.5899    0.4101
    0.4537    0.5463
    1.0000         0
    0.5673    0.4327
    0.4824    0.5176
    0.4824    0.5176
    0.4973    0.5027
         0    1.0000


objective =

    8.7773


Y =

    0.6730    0.3270
    0.4188    0.5812
    1.0000         0
    0.6262    0.3738
    0.4573    0.5427
    0.4573    0.5427
    0.4937    0.5063
         0    1.0000


objective =

    8.1340


Y =

    0.7461    0.2539
    0.3922    0.6078
    1.0000         0
    0.6744    0.3256
    0.4277    0.5723
    0.4277    0.5723
    0.4889    0.5111
         0    1.0000


objective =

    7.5697


Y =

    0.8074    0.1926
    0.3723    0.6277
    1.0000         0
    0.7120    0.2880
    0.3968    0.6032
    0.3968    0.6032
    0.4827    0.5173
         0    1.0000


objective =

    7.0946


Y =

    0.8564    0.1436
    0.3582    0.6418
    1.0000         0
    0.7405    0.2595
    0.3673    0.6327
    0.3673    0.6327
    0.4751    0.5249
         0    1.0000


objective =

    6.7156


Y =

    0.8939    0.1061
    0.3491    0.6509
    1.0000         0
    0.7618    0.2382
    0.3409    0.6591
    0.3409    0.6591
    0.4664    0.5336
         0    1.0000


objective =

    6.4297


Y =

    0.9217    0.0783
    0.3440    0.6560
    1.0000         0
    0.7776    0.2224
    0.3183    0.6817
    0.3183    0.6817
    0.4571    0.5429
         0    1.0000


objective =

    6.2242


Y =

    0.9419    0.0581
    0.3420    0.6580
    1.0000         0
    0.7894    0.2106
    0.2993    0.7007
    0.2993    0.7007
    0.4475    0.5525
         0    1.0000


objective =

    6.0812


Y =

    0.9564    0.0436
    0.3420    0.6580
    1.0000         0
    0.7983    0.2017
    0.2834    0.7166
    0.2834    0.7166
    0.4380    0.5620
         0    1.0000


objective =

    5.9837


Y =

    0.9668    0.0332
    0.3432    0.6568
    1.0000         0
    0.8051    0.1949
    0.2699    0.7301
    0.2699    0.7301
    0.4286    0.5714
         0    1.0000