----------Computing----------
Iter = 0
Size = 18420
Delta = 0.000000
ObjValue = 38314.884195

Iter = 1
Size = 18420
Delta = 0.079188
ObjValue = 77983.463837

Iter = 2
Size = 18420
Delta = 0.075525
ObjValue = 77983.463837

B_AB = {{1.252215 0.000000 }{0.000000 1.259447 }}
B_AC = {{1.447579 0.000000 }{0.000000 1.294270 }}
B_BA = {{1.252215 0.000000 }{0.000000 1.259447 }}
B_BC = {{1.507460 0.000000 }{0.000000 1.377332 }}
B_CA = {{1.447579 0.000000 }{0.000000 1.294270 }}
B_CB = {{1.507471 0.000000 }{0.000000 1.377337 }}
0.094063sec per iteration
Old accuracy = 21472/24984

---------Increasing----------
4605
Iter = 0
Size = 4605
Delta = 0.000000
ObjValue = 10774.777754

Iter = 1
Size = 4605
Delta = 0.191227
ObjValue = 25757.027772

Iter = 2
Size = 4605
Delta = 0.022364
ObjValue = 25757.027772

B_AB = {{1.340466 0.000000 }{0.000000 1.324590 }}
B_AC = {{1.461080 0.000000 }{0.000000 1.299369 }}
B_BA = {{1.241513 0.000000 }{0.000000 1.446800 }}
B_BC = {{1.642610 0.000000 }{0.000000 1.559271 }}
B_CA = {{1.546699 0.000000 }{0.000000 1.471906 }}
B_CB = {{1.633318 0.000000 }{0.000000 1.490656 }}
0.052177sec per iteration
Global accuracy = 27414/31554
Incremental accuracy = 5942/6570

Processed in 2.135451sec (1.621412sec for IO)
Done.
