----------Computing----------
Iter = 0
Size = 26850
Delta = 0.000000
ObjValue = 43898.898056

Iter = 1
Size = 26850
Delta = 0.060708
ObjValue = 22531.142989

Iter = 2
Size = 26850
Delta = 0.071835
ObjValue = 18673.444729

Iter = 3
Size = 26850
Delta = 0.081565
ObjValue = 20134.889726

Iter = 4
Size = 26850
Delta = 0.085755
ObjValue = 20134.889726

B_AB = {{2.090966 0.000000 0.000000 }{0.000000 1.494322 0.000000 }{0.000000 0.000000 2.105984 }}
B_AC = {{2.280905 0.000000 0.000000 }{0.000000 1.401555 0.000000 }{0.000000 0.000000 2.291689 }}
B_BA = {{2.090966 0.000000 0.000000 }{0.000000 1.494322 0.000000 }{0.000000 0.000000 2.105984 }}
B_BC = {{2.325047 0.000000 0.000000 }{0.000000 1.418850 0.000000 }{0.000000 0.000000 2.277177 }}
B_CA = {{2.280909 0.000000 0.000000 }{0.000000 1.401564 0.000000 }{0.000000 0.000000 2.291692 }}
B_CB = {{2.325047 0.000000 0.000000 }{0.000000 1.418850 0.000000 }{0.000000 0.000000 2.277177 }}
0.161942sec per iteration
Old accuracy = 15584/21654

Processed in 2.827023sec (1.562735sec for IO)
Done.
