----------Computing----------
Iter = 0
Size = 23025
Delta = 0.000000
ObjValue = 61216.792304

Iter = 1
Size = 23025
Delta = 0.352072
ObjValue = 83333.888298

Iter = 2
Size = 23025
Delta = 0.141075
ObjValue = 83333.888298

B_AB = {{1.000000 0.254055 }{0.329685 0.861290 }}
B_AC = {{1.000000 0.413264 }{0.397671 0.953508 }}
B_BA = {{1.000000 0.329685 }{0.254055 0.861290 }}
B_BC = {{1.000000 0.424695 }{0.408854 0.957328 }}
B_CA = {{1.000000 0.397671 }{0.413264 0.953508 }}
B_CB = {{1.000000 0.408849 }{0.424689 0.957315 }}
0.205648sec per iteration
Old accuracy = 28270/31554

Processed in 2.242044sec (1.678257sec for IO)
Done.
