----------Computing----------
Iter = 0
Size = 23025
Delta = 0.000000
ObjValue = 45003.879680

Iter = 1
Size = 23025
Delta = 0.052526
ObjValue = 47516.450136

Iter = 2
Size = 23025
Delta = 0.060307
ObjValue = 47516.450136

B_AB = {{1.000000 0.000000 }{0.000000 1.000000 }}
B_AC = {{1.000000 0.000000 }{0.000000 1.000000 }}
B_BA = {{1.000000 0.000000 }{0.000000 1.000000 }}
B_BC = {{1.000000 0.000000 }{0.000000 1.000000 }}
B_CA = {{1.000000 0.000000 }{0.000000 1.000000 }}
B_CB = {{1.000000 0.000000 }{0.000000 1.000000 }}
0.115531sec per iteration
Old accuracy = 27242/31554

Processed in 1.877294sec (1.641195sec for IO)
Done.
