----------Computing----------
Iter = 0
Size = 18420
Delta = 0.000000
ObjValue = 38314.884195

Iter = 1
Size = 18420
Delta = 0.079188
ObjValue = 77983.463837

Iter = 2
Size = 18420
Delta = 0.075525
ObjValue = 77983.463837

B_AB = {{1.252215 0.000000 }{0.000000 1.259447 }}
B_AC = {{1.447579 0.000000 }{0.000000 1.294270 }}
B_BA = {{1.252215 0.000000 }{0.000000 1.259447 }}
B_BC = {{1.507460 0.000000 }{0.000000 1.377332 }}
B_CA = {{1.447579 0.000000 }{0.000000 1.294270 }}
B_CB = {{1.507471 0.000000 }{0.000000 1.377337 }}
0.092691sec per iteration
Old accuracy = 21472/24984

---------Recomputing---------
Iter = 0
Size = 18420
Delta = 0.000000
ObjValue = 118597.071445

Iter = 1
Size = 18420
Delta = 0.053063
ObjValue = 135088.175667

Iter = 2
Size = 18420
Delta = 0.045096
ObjValue = 135088.175667

B_AB = {{1.240721 0.000000 }{0.000000 1.244253 }}
B_AC = {{1.486801 0.000000 }{0.000000 1.298126 }}
B_BA = {{1.256838 0.000000 }{0.000000 1.230985 }}
B_BC = {{1.544188 0.000000 }{0.000000 1.370170 }}
B_CA = {{1.432947 0.000000 }{0.000000 1.263140 }}
B_CB = {{1.545125 0.000000 }{0.000000 1.378697 }}
0.127274sec per iteration
Global accuracy = 25133/31554
Incremental accuracy = 3285/6570

Processed in 2.277872sec (1.635999sec for IO)
Done.
