----------Computing----------
Iter = 0
Size = 13815
Delta = 0.000000
ObjValue = 8920.677403

Iter = 1
Size = 13815
Delta = 0.061962
ObjValue = 18255.850853

Iter = 2
Size = 13815
Delta = 0.059508
ObjValue = 18255.850853

B_AB = {{1.143626 0.000000 }{0.000000 1.180382 }}
B_AC = {{1.286223 0.000000 }{0.000000 1.271517 }}
B_BA = {{1.143626 0.000000 }{0.000000 1.180382 }}
B_BC = {{1.475019 0.000000 }{0.000000 1.376356 }}
B_CA = {{1.286223 0.000000 }{0.000000 1.271517 }}
B_CB = {{1.475019 0.000000 }{0.000000 1.376356 }}
0.024555sec per iteration
Old accuracy = 14912/17282

---------Increasing----------
9210
Iter = 0
Size = 9210
Delta = 0.000000
ObjValue = 27100.116829

Iter = 1
Size = 9210
Delta = 0.376374
ObjValue = 62164.223368

Iter = 2
Size = 9210
Delta = 0.040685
ObjValue = 62164.223368

B_AB = {{1.310018 0.000000 }{0.000000 1.299587 }}
B_AC = {{1.404479 0.000000 }{0.000000 1.259142 }}
B_BA = {{1.233456 0.000000 }{0.000000 1.322063 }}
B_BC = {{1.597304 0.000000 }{0.000000 1.530268 }}
B_CA = {{1.470014 0.000000 }{0.000000 1.408146 }}
B_CB = {{1.580294 0.000000 }{0.000000 1.464299 }}
0.112216sec per iteration
Global accuracy = 27778/31554
Incremental accuracy = 12866/14272

Processed in 2.079276sec (1.619273sec for IO)
Done.
