----------Computing----------
Iter = 0
Size = 2303
Delta = 0.000000
ObjValue = 215.227694

Iter = 1
Size = 2303
Delta = 0.056495
ObjValue = 385.192922

Iter = 2
Size = 2303
Delta = 0.052974
ObjValue = 385.192922

B_AB = {{1.021139 0.000000 }{0.000000 1.112707 }}
B_AC = {{1.202813 0.000000 }{0.000000 1.410516 }}
B_BA = {{1.021139 0.000000 }{0.000000 1.112707 }}
B_BC = {{1.325000 0.000000 }{0.000000 1.201175 }}
B_CA = {{1.202813 0.000000 }{0.000000 1.410516 }}
B_CB = {{1.325000 0.000000 }{0.000000 1.201175 }}
0.006462sec per iteration
Old accuracy = 2704/3238

---------Increasing----------
20722
Iter = 0
Size = 20722
Delta = 0.000000
ObjValue = 22028.410432

Iter = 1
Size = 20722
Delta = 0.866363
ObjValue = 64142.887276

Iter = 2
Size = 20722
Delta = 0.059894
ObjValue = 64142.887276

B_AB = {{1.308864 0.000000 }{0.000000 1.357048 }}
B_AC = {{1.430724 0.000000 }{0.000000 1.438906 }}
B_BA = {{1.278849 0.000000 }{0.000000 1.369917 }}
B_BC = {{1.534052 0.000000 }{0.000000 1.454102 }}
B_CA = {{1.435968 0.000000 }{0.000000 1.465559 }}
B_CB = {{1.532893 0.000000 }{0.000000 1.435603 }}
0.124938sec per iteration
Global accuracy = 27230/31554
Incremental accuracy = 24526/28316

Processed in 2.001764sec (1.621928sec for IO)
Done.
