----------Computing----------
Iter = 0
Size = 26850
Delta = 0.000000
ObjValue = 149664.000000

Iter = 1
Size = 26850
Delta = 0.386567
ObjValue = 80054.435932

Iter = 2
Size = 26850
Delta = 0.196215
ObjValue = 30307.772226

Iter = 3
Size = 26850
Delta = 0.266790
ObjValue = 31348.571958

Iter = 4
Size = 26850
Delta = 0.059793
ObjValue = 31348.571958

B_AB = {{0.963866 0.742027 0.799924 }{0.721068 1.000000 0.721159 }{0.800344 0.742378 0.963684 }}
B_AC = {{1.000000 0.912445 0.828882 }{0.666393 0.948995 0.666317 }{0.829130 0.912489 0.999760 }}
B_BA = {{0.963866 0.721068 0.800344 }{0.742027 1.000000 0.742378 }{0.799924 0.721159 0.963684 }}
B_BC = {{1.000000 0.861615 0.833010 }{0.704252 0.928373 0.704380 }{0.832517 0.861229 0.999581 }}
B_CA = {{1.000000 0.666401 0.829131 }{0.912432 0.948990 0.912476 }{0.828883 0.666325 0.999760 }}
B_CB = {{1.000000 0.704252 0.832517 }{0.861615 0.928373 0.861229 }{0.833010 0.704380 0.999581 }}
0.194200sec per iteration
Old accuracy = 4940/21654

Processed in 2.293664sec (1.512198sec for IO)
Done.
