----------Computing----------
Iter = 0
Size = 26850
Delta = 0.000000
ObjValue = 149664.000000

Iter = 1
Size = 26850
Delta = 0.295424
ObjValue = 153695.815480

Iter = 2
Size = 26850
Delta = 0.273532
ObjValue = 153695.815480

B_AB = {{1.000000 0.000000 0.000000 }{0.000000 1.000000 0.000000 }{0.000000 0.000000 1.000000 }}
B_AC = {{1.000000 0.000000 0.000000 }{0.000000 1.000000 0.000000 }{0.000000 0.000000 1.000000 }}
B_BA = {{1.000000 0.000000 0.000000 }{0.000000 1.000000 0.000000 }{0.000000 0.000000 1.000000 }}
B_BC = {{1.000000 0.000000 0.000000 }{0.000000 1.000000 0.000000 }{0.000000 0.000000 1.000000 }}
B_CA = {{1.000000 0.000000 0.000000 }{0.000000 1.000000 0.000000 }{0.000000 0.000000 1.000000 }}
B_CB = {{1.000000 0.000000 0.000000 }{0.000000 1.000000 0.000000 }{0.000000 0.000000 1.000000 }}
0.098834sec per iteration
Old accuracy = 16714/21654

Processed in 1.708144sec (1.506536sec for IO)
Done.
