----------Computing----------
Iter = 0
Size = 23025
Delta = 0.000000
ObjValue = 61216.792304

Iter = 1
Size = 23025
Delta = 0.081790
ObjValue = 130634.442122

Iter = 2
Size = 23025
Delta = 0.078696
ObjValue = 130634.442122

B_AB = {{1.245354 0.000000 }{0.000000 1.296969 }}
B_AC = {{1.442656 0.000000 }{0.000000 1.316844 }}
B_BA = {{1.245354 0.000000 }{0.000000 1.296969 }}
B_BC = {{1.536826 0.000000 }{0.000000 1.420370 }}
B_CA = {{1.442656 0.000000 }{0.000000 1.316844 }}
B_CB = {{1.536831 0.000000 }{0.000000 1.420373 }}
0.183055sec per iteration
Old accuracy = 26986/31554

Processed in 2.193321sec (1.666597sec for IO)
Done.
