----------Computing----------
Iter = 0
Size = 11513
Delta = 0.000000
ObjValue = 586.211264

Iter = 1
Size = 11513
Delta = 0.066402
ObjValue = 1617.970485

Iter = 2
Size = 11513
Delta = 0.074754
ObjValue = 1617.970485

B_AB = {{1.431913 0.000000 }{0.000000 1.555377 }}
B_AC = {{1.474440 0.000000 }{0.000000 1.679791 }}
B_BA = {{1.431913 0.000000 }{0.000000 1.555377 }}
B_BC = {{1.422751 0.000000 }{0.000000 1.653929 }}
B_CA = {{1.474440 0.000000 }{0.000000 1.679791 }}
B_CB = {{1.422751 0.000000 }{0.000000 1.653929 }}
0.009168sec per iteration
Old accuracy = 7250/13380

---------Increasing----------
11512
Iter = 0
Size = 11512
Delta = 0.000000
ObjValue = 33490.772104

Iter = 1
Size = 11512
Delta = 0.466450
ObjValue = 83551.166923

Iter = 2
Size = 11512
Delta = 0.046275
ObjValue = 83551.166923

B_AB = {{1.391837 0.000000 }{0.000000 1.474722 }}
B_AC = {{1.393888 0.000000 }{0.000000 1.324224 }}
B_BA = {{1.292763 0.000000 }{0.000000 1.406457 }}
B_BC = {{1.499773 0.000000 }{0.000000 1.591167 }}
B_CA = {{1.499427 0.000000 }{0.000000 1.490618 }}
B_CB = {{1.526551 0.000000 }{0.000000 1.587547 }}
0.139860sec per iteration
Global accuracy = 22612/31554
Incremental accuracy = 15362/18174

Processed in 2.049950sec (1.618481sec for IO)
Done.
