----------Computing----------
Iter = 0
Size = 23025
Delta = 0.000000
ObjValue = 45003.879680

Iter = 1
Size = 23025
Delta = 0.536383
ObjValue = 98118.203658

Iter = 2
Size = 23025
Delta = 0.280816
ObjValue = 98118.203658

B_AB = {{1.000000 0.264535 }{0.396358 0.650132 }}
B_AC = {{1.000000 0.370784 }{0.545356 0.804906 }}
B_BA = {{1.000000 0.396358 }{0.264535 0.650132 }}
B_BC = {{1.000000 0.459199 }{0.301069 0.748979 }}
B_CA = {{1.000000 0.545356 }{0.370784 0.804906 }}
B_CB = {{1.000000 0.301070 }{0.459195 0.748978 }}
0.215129sec per iteration
Old accuracy = 21688/31554

Processed in 2.127567sec (1.692389sec for IO)
Done.
