----------Computing----------
Iter = 0
Size = 26850
Delta = 0.000000
ObjValue = 43898.898056

Iter = 1
Size = 26850
Delta = 1.117755
ObjValue = 167716.642320

Iter = 2
Size = 26850
Delta = 0.245687
ObjValue = 167716.642320

B_AB = {{1.000000 0.371693 0.609132 }{0.441261 0.877132 0.431142 }{0.614397 0.367849 0.986925 }}
B_AC = {{1.000000 0.351330 0.581640 }{0.412066 0.883977 0.399208 }{0.590960 0.347410 0.982220 }}
B_BA = {{1.000000 0.441261 0.614397 }{0.371693 0.877132 0.367849 }{0.609132 0.431142 0.986925 }}
B_BC = {{1.000000 0.308919 0.590252 }{0.352504 0.830226 0.344077 }{0.593775 0.304292 0.983124 }}
B_CA = {{1.000000 0.412052 0.590962 }{0.351320 0.883962 0.347400 }{0.581643 0.399194 0.982221 }}
B_CB = {{1.000000 0.352504 0.593775 }{0.308919 0.830226 0.304292 }{0.590252 0.344077 0.983124 }}
0.192505sec per iteration
Old accuracy = 5341/21654

Processed in 2.501581sec (1.504285sec for IO)
Done.
