----------Computing----------
Iter = 0
Size = 26850
Delta = 0.000000
ObjValue = 46203094.444444

Iter = 1
Size = 26850
Delta = 0.178503
ObjValue = 47980976.707443

Iter = 2
Size = 26850
Delta = 0.142932
ObjValue = 47980976.707443

B_AB = {{1.000000 0.000000 0.000000 }{0.000000 1.000000 0.000000 }{0.000000 0.000000 1.000000 }}
B_AC = {{1.000000 0.000000 0.000000 }{0.000000 1.000000 0.000000 }{0.000000 0.000000 1.000000 }}
B_BA = {{1.000000 0.000000 0.000000 }{0.000000 1.000000 0.000000 }{0.000000 0.000000 1.000000 }}
B_BC = {{1.000000 0.000000 0.000000 }{0.000000 1.000000 0.000000 }{0.000000 0.000000 1.000000 }}
B_CA = {{1.000000 0.000000 0.000000 }{0.000000 1.000000 0.000000 }{0.000000 0.000000 1.000000 }}
B_CB = {{1.000000 0.000000 0.000000 }{0.000000 1.000000 0.000000 }{0.000000 0.000000 1.000000 }}
0.058119sec per iteration
Old accuracy = 15681/21654

Processed in 1.745856sec (1.625064sec for IO)
Done.
