----------Computing----------
Iter = 0
Size = 6908
Delta = 0.000000
ObjValue = 6371692.260865

Iter = 1
Size = 6908
Delta = 0.045736
ObjValue = 6555149.262890

Iter = 2
Size = 6908
Delta = 0.047604
ObjValue = 6555149.262890

B_AB = {{1.000000 0.000000 }{0.000000 1.000000 }}
B_AC = {{1.000000 0.000000 }{0.000000 1.000000 }}
B_BA = {{1.000000 0.000000 }{0.000000 1.000000 }}
B_BC = {{1.000000 0.000000 }{0.000000 1.000000 }}
B_CA = {{1.000000 0.000000 }{0.000000 1.000000 }}
B_CB = {{1.000000 0.000000 }{0.000000 1.000000 }}
0.007611sec per iteration
Old accuracy = 5780/8776

---------Recomputing---------
Iter = 0
Size = 6908
Delta = 0.000000
ObjValue = 6750834.123053

Iter = 1
Size = 6908
Delta = 0.014700
ObjValue = 6961093.403442

Iter = 2
Size = 6908
Delta = 0.013947
ObjValue = 6961093.403442

B_AB = {{1.000000 0.000000 }{0.000000 1.000000 }}
B_AC = {{1.000000 0.000000 }{0.000000 1.000000 }}
B_BA = {{1.000000 0.000000 }{0.000000 1.000000 }}
B_BC = {{1.000000 0.000000 }{0.000000 1.000000 }}
B_CA = {{1.000000 0.000000 }{0.000000 1.000000 }}
B_CB = {{1.000000 0.000000 }{0.000000 1.000000 }}
0.014319sec per iteration
Global accuracy = 17181/31554
Incremental accuracy = 11389/22778

Processed in 2.265570sec (2.016478sec for IO)
Done.
