----------Computing----------
Iter = 0
Size = 26850
Delta = 0.000000
ObjValue = 46203094.444444

Iter = 1
Size = 26850
Delta = 0.059401
ObjValue = 46702108.031830

Iter = 2
Size = 26850
Delta = 0.072532
ObjValue = 46702108.031830

B_AB = {{1.000000 0.000000 0.000000 }{0.000000 1.000000 0.000000 }{0.000000 0.000000 1.000000 }}
B_AC = {{1.000000 0.000000 0.000000 }{0.000000 1.000000 0.000000 }{0.000000 0.000000 1.000000 }}
B_BA = {{1.000000 0.000000 0.000000 }{0.000000 1.000000 0.000000 }{0.000000 0.000000 1.000000 }}
B_BC = {{1.000000 0.000000 0.000000 }{0.000000 1.000000 0.000000 }{0.000000 0.000000 1.000000 }}
B_CA = {{1.000000 0.000000 0.000000 }{0.000000 1.000000 0.000000 }{0.000000 0.000000 1.000000 }}
B_CB = {{1.000000 0.000000 0.000000 }{0.000000 1.000000 0.000000 }{0.000000 0.000000 1.000000 }}
0.055301sec per iteration
Old accuracy = 10354/21654

Processed in 1.732210sec (1.617710sec for IO)
Done.
