----------Computing----------
Iter = 0
Size = 20723
Delta = 0.000000
ObjValue = 59358707.676725

Iter = 1
Size = 20723
Delta = 0.083234
ObjValue = 60952173.975701

Iter = 2
Size = 20723
Delta = 0.081395
ObjValue = 60952173.975701

B_AB = {{1.000000 0.000000 }{0.000000 1.000000 }}
B_AC = {{1.000000 0.000000 }{0.000000 1.000000 }}
B_BA = {{1.000000 0.000000 }{0.000000 1.000000 }}
B_BC = {{1.000000 0.000000 }{0.000000 1.000000 }}
B_CA = {{1.000000 0.000000 }{0.000000 1.000000 }}
B_CB = {{1.000000 0.000000 }{0.000000 1.000000 }}
0.109412sec per iteration
Old accuracy = 23210/28356

---------Recomputing---------
Iter = 0
Size = 20723
Delta = 0.000000
ObjValue = 63211741.075244

Iter = 1
Size = 20723
Delta = 0.066884
ObjValue = 66021865.139581

Iter = 2
Size = 20723
Delta = 0.056801
ObjValue = 66021865.139581

B_AB = {{1.000000 0.000000 }{0.000000 1.000000 }}
B_AC = {{1.000000 0.000000 }{0.000000 1.000000 }}
B_BA = {{1.000000 0.000000 }{0.000000 1.000000 }}
B_BC = {{1.000000 0.000000 }{0.000000 1.000000 }}
B_CA = {{1.000000 0.000000 }{0.000000 1.000000 }}
B_CB = {{1.000000 0.000000 }{0.000000 1.000000 }}
0.096166sec per iteration
Global accuracy = 25157/31554
Incremental accuracy = 1599/3198

Processed in 2.788448sec (1.952754sec for IO)
Done.
