----------Computing----------
Iter = 0
Size = 13815
Delta = 0.000000
ObjValue = 23432445.349843

Iter = 1
Size = 13815
Delta = 0.057898
ObjValue = 24084996.394847

Iter = 2
Size = 13815
Delta = 0.057212
ObjValue = 24084996.394847

B_AB = {{1.000000 0.000000 }{0.000000 1.000000 }}
B_AC = {{1.000000 0.000000 }{0.000000 1.000000 }}
B_BA = {{1.000000 0.000000 }{0.000000 1.000000 }}
B_BC = {{1.000000 0.000000 }{0.000000 1.000000 }}
B_CA = {{1.000000 0.000000 }{0.000000 1.000000 }}
B_CB = {{1.000000 0.000000 }{0.000000 1.000000 }}
0.014202sec per iteration
Old accuracy = 14806/17282

---------Recomputing---------
Iter = 0
Size = 13815
Delta = 0.000000
ObjValue = 24945913.110125

Iter = 1
Size = 13815
Delta = 0.033469
ObjValue = 26058315.901126

Iter = 2
Size = 13815
Delta = 0.028257
ObjValue = 26058315.901126

B_AB = {{1.000000 0.000000 }{0.000000 1.000000 }}
B_AC = {{1.000000 0.000000 }{0.000000 1.000000 }}
B_BA = {{1.000000 0.000000 }{0.000000 1.000000 }}
B_BC = {{1.000000 0.000000 }{0.000000 1.000000 }}
B_CA = {{1.000000 0.000000 }{0.000000 1.000000 }}
B_CB = {{1.000000 0.000000 }{0.000000 1.000000 }}
0.026092sec per iteration
Global accuracy = 21966/31554
Incremental accuracy = 7136/14272

Processed in 2.221216sec (1.897136sec for IO)
Done.
