----------Computing----------
Iter = 0
Size = 16118
Delta = 0.000000
ObjValue = 35409029.744832

Iter = 1
Size = 16118
Delta = 0.072649
ObjValue = 36410686.445614

Iter = 2
Size = 16118
Delta = 0.071586
ObjValue = 36410686.445614

B_AB = {{1.000000 0.000000 }{0.000000 1.000000 }}
B_AC = {{1.000000 0.000000 }{0.000000 1.000000 }}
B_BA = {{1.000000 0.000000 }{0.000000 1.000000 }}
B_BC = {{1.000000 0.000000 }{0.000000 1.000000 }}
B_CA = {{1.000000 0.000000 }{0.000000 1.000000 }}
B_CB = {{1.000000 0.000000 }{0.000000 1.000000 }}
0.028605sec per iteration
Old accuracy = 17408/21160

---------Increasing----------
6907
Iter = 0
Size = 6907
Delta = 0.000000
ObjValue = 33831.563166

Iter = 1
Size = 6907
Delta = 0.284300
ObjValue = 5673258.220747

Iter = 2
Size = 6907
Delta = 0.027147
ObjValue = 5673258.220747

B_AB = {{1.000000 0.000000 }{0.000000 1.000000 }}
B_AC = {{1.000000 0.000000 }{0.000000 1.000000 }}
B_BA = {{1.000000 0.000000 }{0.000000 1.000000 }}
B_BC = {{1.000000 0.000000 }{0.000000 1.000000 }}
B_CA = {{1.000000 0.000000 }{0.000000 1.000000 }}
B_CB = {{1.000000 0.000000 }{0.000000 1.000000 }}
0.045315sec per iteration
Global accuracy = 25978/31554
Incremental accuracy = 8570/10394

Processed in 2.392202sec (1.951642sec for IO)
Done.
