----------Computing----------
Iter = 0
Size = 13815
Delta = 0.000000
ObjValue = 23432445.349843

Iter = 1
Size = 13815
Delta = 0.057898
ObjValue = 24084996.394847

Iter = 2
Size = 13815
Delta = 0.057212
ObjValue = 24084996.394847

B_AB = {{1.000000 0.000000 }{0.000000 1.000000 }}
B_AC = {{1.000000 0.000000 }{0.000000 1.000000 }}
B_BA = {{1.000000 0.000000 }{0.000000 1.000000 }}
B_BC = {{1.000000 0.000000 }{0.000000 1.000000 }}
B_CA = {{1.000000 0.000000 }{0.000000 1.000000 }}
B_CB = {{1.000000 0.000000 }{0.000000 1.000000 }}
0.016986sec per iteration
Old accuracy = 14806/17282

---------Increasing----------
9210
Iter = 0
Size = 9210
Delta = 0.000000
ObjValue = 74250.436140

Iter = 1
Size = 9210
Delta = 0.376374
ObjValue = 8960487.573304

Iter = 2
Size = 9210
Delta = 0.034916
ObjValue = 8960487.573304

B_AB = {{1.000000 0.000000 }{0.000000 1.000000 }}
B_AC = {{1.000000 0.000000 }{0.000000 1.000000 }}
B_BA = {{1.000000 0.000000 }{0.000000 1.000000 }}
B_BC = {{1.000000 0.000000 }{0.000000 1.000000 }}
B_CA = {{1.000000 0.000000 }{0.000000 1.000000 }}
B_CB = {{1.000000 0.000000 }{0.000000 1.000000 }}
0.070746sec per iteration
Global accuracy = 26332/31554
Incremental accuracy = 11526/14272

Processed in 2.383262sec (1.923416sec for IO)
Done.
