----------Computing----------
Iter = 0
Size = 23025
Delta = 0.000000
ObjValue = 70692504.879680

Iter = 1
Size = 23025
Delta = 0.051438
ObjValue = 70776691.542105

Iter = 2
Size = 23025
Delta = 0.061048
ObjValue = 70776691.542105

B_AB = {{1.000000 0.000000 }{0.000000 1.000000 }}
B_AC = {{1.000000 0.000000 }{0.000000 1.000000 }}
B_BA = {{1.000000 0.000000 }{0.000000 1.000000 }}
B_BC = {{1.000000 0.000000 }{0.000000 1.000000 }}
B_CA = {{1.000000 0.000000 }{0.000000 1.000000 }}
B_CB = {{1.000000 0.000000 }{0.000000 1.000000 }}
0.075620sec per iteration
Old accuracy = 22648/31554

Processed in 2.262941sec (2.103400sec for IO)
Done.
