----------Computing----------
Iter = 0
Size = 6908
Delta = 0.000000
ObjValue = 1706.947646

Iter = 1
Size = 6908
Delta = 0.031203
ObjValue = 2947.699442

Iter = 2
Size = 6908
Delta = 0.027395
ObjValue = 2947.699442

B_AB = {{1.128545 0.000000 }{0.000000 1.165932 }}
B_AC = {{1.266979 0.000000 }{0.000000 1.304307 }}
B_BA = {{1.128545 0.000000 }{0.000000 1.165932 }}
B_BC = {{1.262374 0.000000 }{0.000000 1.184428 }}
B_CA = {{1.266979 0.000000 }{0.000000 1.304307 }}
B_CB = {{1.262374 0.000000 }{0.000000 1.184428 }}
0.008624sec per iteration
Old accuracy = 7508/8776

---------Increasing----------
16117
Iter = 0
Size = 16117
Delta = 0.000000
ObjValue = 23822.954273

Iter = 1
Size = 16117
Delta = 0.669750
ObjValue = 62299.236784

Iter = 2
Size = 16117
Delta = 0.056454
ObjValue = 62299.236784

B_AB = {{1.338087 0.000000 }{0.000000 1.364700 }}
B_AC = {{1.413016 0.000000 }{0.000000 1.325024 }}
B_BA = {{1.271243 0.000000 }{0.000000 1.352460 }}
B_BC = {{1.515100 0.000000 }{0.000000 1.459861 }}
B_CA = {{1.464500 0.000000 }{0.000000 1.426571 }}
B_CB = {{1.497684 0.000000 }{0.000000 1.427395 }}
0.136869sec per iteration
Global accuracy = 25096/31554
Incremental accuracy = 17588/22778

Processed in 2.045548sec (1.613809sec for IO)
Done.
