----------Computing----------
Iter = 0
Size = 62383
Delta = 0.000000
ObjValue = 47710.375194

Iter = 1
Size = 62383
Delta = 0.956062
ObjValue = 170570.683012

Iter = 2
Size = 62383
Delta = 0.059136
ObjValue = 170570.683012

B_AB = {{1.308440 0.000000 }{0.000000 1.378598 }}
B_AC = {{1.310626 0.000000 }{0.000000 1.373376 }}
B_BA = {{1.308440 0.000000 }{0.000000 1.378598 }}
B_BC = {{1.381678 0.000000 }{0.000000 1.406962 }}
B_CA = {{1.310626 0.000000 }{0.000000 1.373376 }}
B_CB = {{1.381678 0.000000 }{0.000000 1.406961 }}
0.606691sec per iteration
Old accuracy = 39866/104182

Processed in 6.431854sec (5.203262sec for IO)
Done.
