----------Computing----------
Iter = 0
Size = 23025
Delta = 0.000000
ObjValue = 14582.788919

Iter = 1
Size = 23025
Delta = 0.976038
ObjValue = 120510.481513

Iter = 2
Size = 23025
Delta = 0.232133
ObjValue = 120510.481513

B_AB = {{1.000000 0.152357 }{0.265524 0.913828 }}
B_AC = {{0.927874 0.579973 }{0.262379 1.000000 }}
B_BA = {{1.000000 0.265524 }{0.152357 0.913828 }}
B_BC = {{0.973512 0.792906 }{0.209903 1.000000 }}
B_CA = {{0.927874 0.262379 }{0.579973 1.000000 }}
B_CB = {{0.973519 0.209915 }{0.792904 1.000000 }}
0.203224sec per iteration
Old accuracy = 25368/31554

Processed in 2.002789sec (1.592676sec for IO)
Done.
