----------Computing----------
Iter = 0
Size = 6239
Delta = 0.000000
ObjValue = 590.151927

Iter = 1
Size = 6239
Delta = 0.087064
ObjValue = 818.076426

Iter = 2
Size = 6239
Delta = 0.077615
ObjValue = 818.076426

B_AB = {{1.027577 0.000000 }{0.000000 1.605225 }}
B_AC = {{1.124390 0.000000 }{0.000000 1.511848 }}
B_BA = {{1.027577 0.000000 }{0.000000 1.605225 }}
B_BC = {{1.120730 0.000000 }{0.000000 1.295156 }}
B_CA = {{1.124390 0.000000 }{0.000000 1.511848 }}
B_CB = {{1.120730 0.000000 }{0.000000 1.295156 }}
0.012473sec per iteration
Old accuracy = 7018/10734

---------Increasing----------
56144
Iter = 0
Size = 56144
Delta = 0.000000
ObjValue = 70124.246560

Iter = 1
Size = 56144
Delta = 0.859561
ObjValue = 217834.359877

Iter = 2
Size = 56144
Delta = 0.056419
ObjValue = 217834.359877

B_AB = {{1.295995 0.000000 }{0.000000 1.590004 }}
B_AC = {{1.323488 0.000000 }{0.000000 1.551227 }}
B_BA = {{1.273357 0.000000 }{0.000000 1.590712 }}
B_BC = {{1.407757 0.000000 }{0.000000 1.527048 }}
B_CA = {{1.328423 0.000000 }{0.000000 1.559708 }}
B_CB = {{1.373238 0.000000 }{0.000000 1.557899 }}
0.410368sec per iteration
Global accuracy = 49102/104182
Incremental accuracy = 42084/93448

Processed in 6.495731sec (5.188397sec for IO)
Done.
