----------Computing----------
Iter = 0
Size = 26850
Delta = 0.000000
ObjValue = 14113.807043

Iter = 1
Size = 26850
Delta = 0.035061
ObjValue = 6881.375557

Iter = 2
Size = 26850
Delta = 0.045353
ObjValue = 6315.572255

Iter = 3
Size = 26850
Delta = 0.059596
ObjValue = 8479.245529

Iter = 4
Size = 26850
Delta = 0.075234
ObjValue = 8479.245529

B_AB = {{1.607254 0.000000 0.000000 }{0.000000 1.254024 0.000000 }{0.000000 0.000000 1.650670 }}
B_AC = {{1.621939 0.000000 0.000000 }{0.000000 1.208234 0.000000 }{0.000000 0.000000 1.651033 }}
B_BA = {{1.607254 0.000000 0.000000 }{0.000000 1.254024 0.000000 }{0.000000 0.000000 1.650670 }}
B_BC = {{1.653515 0.000000 0.000000 }{0.000000 1.225410 0.000000 }{0.000000 0.000000 1.627557 }}
B_CA = {{1.621930 0.000000 0.000000 }{0.000000 1.208240 0.000000 }{0.000000 0.000000 1.651022 }}
B_CB = {{1.653515 0.000000 0.000000 }{0.000000 1.225410 0.000000 }{0.000000 0.000000 1.627557 }}
0.174464sec per iteration
Old accuracy = 16220/21654

Processed in 2.899830sec (1.517357sec for IO)
Done.
