----------Computing----------
Iter = 0
Size = 62383
Delta = 0.000000
ObjValue = 440030.804187

Iter = 1
Size = 62383
Delta = 0.724896
ObjValue = 180676.362124

Iter = 2
Size = 62383
Delta = 0.147169
ObjValue = 421044.796688

Iter = 3
Size = 62383
Delta = 0.084157
ObjValue = 421044.796688

B_AB = {{1.000000 0.540347 }{0.416835 0.753043 }}
B_AC = {{1.000000 0.494162 }{0.530470 0.867407 }}
B_BA = {{1.000000 0.416835 }{0.540347 0.753043 }}
B_BC = {{1.000000 0.332856 }{0.778058 0.933857 }}
B_CA = {{1.000000 0.530470 }{0.494162 0.867407 }}
B_CB = {{1.000000 0.778065 }{0.332857 0.933839 }}
0.761256sec per iteration
Old accuracy = 68848/104182

Processed in 8.047312sec (5.177122sec for IO)
Done.
