----------Computing----------
Iter = 0
Size = 13815
Delta = 0.000000
ObjValue = 10884.359426

Iter = 1
Size = 13815
Delta = 0.047390
ObjValue = 19447.563888

Iter = 2
Size = 13815
Delta = 0.039409
ObjValue = 19447.563888

B_AB = {{1.117277 0.000000 }{0.000000 1.105545 }}
B_AC = {{1.246802 0.000000 }{0.000000 1.211357 }}
B_BA = {{1.117277 0.000000 }{0.000000 1.105545 }}
B_BC = {{1.364450 0.000000 }{0.000000 1.251974 }}
B_CA = {{1.246802 0.000000 }{0.000000 1.211357 }}
B_CB = {{1.364450 0.000000 }{0.000000 1.251974 }}
0.024734sec per iteration
Old accuracy = 14894/17282

---------Increasing----------
9210
Iter = 0
Size = 9210
Delta = 0.000000
ObjValue = 24830.811752

Iter = 1
Size = 9210
Delta = 0.376374
ObjValue = 55823.113594

Iter = 2
Size = 9210
Delta = 0.043028
ObjValue = 55823.113594

B_AB = {{1.296962 0.000000 }{0.000000 1.255112 }}
B_AC = {{1.387370 0.000000 }{0.000000 1.218496 }}
B_BA = {{1.219364 0.000000 }{0.000000 1.289120 }}
B_BC = {{1.566509 0.000000 }{0.000000 1.484543 }}
B_CA = {{1.446020 0.000000 }{0.000000 1.384633 }}
B_CB = {{1.527667 0.000000 }{0.000000 1.414279 }}
0.115391sec per iteration
Global accuracy = 27694/31554
Incremental accuracy = 12800/14272

Processed in 2.129955sec (1.666579sec for IO)
Done.
