----------Computing----------
Iter = 0
Size = 37430
Delta = 0.000000
ObjValue = 67609.315852

Iter = 1
Size = 37430
Delta = 0.096752
ObjValue = 89380.478414

Iter = 2
Size = 37430
Delta = 0.086748
ObjValue = 89380.478414

B_AB = {{1.090325 0.000000 }{0.000000 1.130104 }}
B_AC = {{1.140056 0.000000 }{0.000000 1.274091 }}
B_BA = {{1.090325 0.000000 }{0.000000 1.130104 }}
B_BC = {{1.174641 0.000000 }{0.000000 1.416464 }}
B_CA = {{1.140056 0.000000 }{0.000000 1.274091 }}
B_CB = {{1.174641 0.000000 }{0.000000 1.416464 }}
0.084298sec per iteration
Old accuracy = 46786/63240

---------Increasing----------
24953
Iter = 0
Size = 24953
Delta = 0.000000
ObjValue = 99501.750724

Iter = 1
Size = 24953
Delta = 0.373114
ObjValue = 193098.243831

Iter = 2
Size = 24953
Delta = 0.033291
ObjValue = 193098.243831

B_AB = {{1.315330 0.000000 }{0.000000 1.372840 }}
B_AC = {{1.296719 0.000000 }{0.000000 1.458930 }}
B_BA = {{1.200104 0.000000 }{0.000000 1.319298 }}
B_BC = {{1.414550 0.000000 }{0.000000 1.606900 }}
B_CA = {{1.315967 0.000000 }{0.000000 1.475149 }}
B_CB = {{1.315364 0.000000 }{0.000000 1.566897 }}
0.420290sec per iteration
Global accuracy = 69260/104182
Incremental accuracy = 22474/40942

Processed in 7.094739sec (5.321057sec for IO)
Done.
