----------Computing----------
Iter = 0
Size = 62383
Delta = 0.000000
ObjValue = 47710.375194

Iter = 1
Size = 62383
Delta = 0.977742
ObjValue = 345029.317763

Iter = 2
Size = 62383
Delta = 0.492729
ObjValue = 345029.317763

B_AB = {{1.000000 0.123706 }{0.095822 0.739089 }}
B_AC = {{1.000000 0.360981 }{0.203454 0.772605 }}
B_BA = {{1.000000 0.095822 }{0.123706 0.739089 }}
B_BC = {{1.000000 0.314650 }{0.127138 0.733758 }}
B_CA = {{1.000000 0.203454 }{0.360981 0.772605 }}
B_CB = {{1.000000 0.127138 }{0.314649 0.733751 }}
0.749016sec per iteration
Old accuracy = 64496/104182

Processed in 6.695799sec (5.182896sec for IO)
Done.
