----------Computing----------
Iter = 0
Size = 20723
Delta = 0.000000
ObjValue = 61117.269978

Iter = 1
Size = 20723
Delta = 0.068919
ObjValue = 113864.473322

Iter = 2
Size = 20723
Delta = 0.055236
ObjValue = 113864.473322

B_AB = {{1.206100 0.000000 }{0.000000 1.173494 }}
B_AC = {{1.409107 0.000000 }{0.000000 1.203284 }}
B_BA = {{1.206100 0.000000 }{0.000000 1.173494 }}
B_BC = {{1.422124 0.000000 }{0.000000 1.293529 }}
B_CA = {{1.409107 0.000000 }{0.000000 1.203284 }}
B_CB = {{1.422129 0.000000 }{0.000000 1.293534 }}
0.141789sec per iteration
Old accuracy = 24474/28356

---------Increasing----------
2302
Iter = 0
Size = 2302
Delta = 0.000000
ObjValue = 4729.179636

Iter = 1
Size = 4049
Delta = 0.095852
ObjValue = 73069.343969

Iter = 2
Size = 7853
Delta = 0.016148
ObjValue = 73069.343969

B_AB = {{1.265050 0.000000 }{0.000000 1.227717 }}
B_AC = {{1.436304 0.000000 }{0.000000 1.213004 }}
B_BA = {{1.222973 0.000000 }{0.000000 1.235326 }}
B_BC = {{1.613818 0.000000 }{0.000000 1.507559 }}
B_CA = {{1.421234 0.000000 }{0.000000 1.256890 }}
B_CB = {{1.478515 0.000000 }{0.000000 1.296198 }}
0.071017sec per iteration
Global accuracy = 27306/31554
Incremental accuracy = 2830/3198

Processed in 2.272316sec (1.636691sec for IO)
Done.
